0 IMG_0484.JPG 1426304567 0 0
1 IMG_0485.JPG 1426367081 0 0
0 IMG_0486.JPG 1426367088 0 0
0 IMG_0487.JPG 1426367210 0 0
0 IMG_0488.JPG 1426367216 0 0
0 IMG_0490.JPG 1426367238 0 0
0 IMG_0491.JPG 1426367239 0 0
0 IMG_0494.JPG 1426367351 0 0
0 IMG_0495.JPG 1426369581 0 0
0 IMG_0496.JPG 1426369584 0 0
0 IMG_0497.JPG 1426370784 0 0
0 IMG_0498.JPG 1426371393 0 0
0 IMG_0499.JPG 1426371831 0 0
0 IMG_0500.JPG 1426377850 0 0
0 IMG_0501.JPG 1426377850 0 0
0 IMG_0502.JPG 1426378214 0 0
1 IMG_0573.JPG 1426393631 0 0
0 IMG_0575.JPG 1426395249 0 0
0 IMG_0566.JPG 1426401479 0 0
0 IMG_0574.JPG 1426401531 0 0
1 IMG_0503.JPG 1426444415 0 0
0 IMG_0504.JPG 1426444417 0 0
0 IMG_0505.JPG 1426444435 0 0
0 IMG_0506.JPG 1426444436 0 0
0 IMG_0507.JPG 1426444437 0 0
0 IMG_0508.JPG 1426444438 0 0
0 IMG_0509.JPG 1426452929 0 0
0 IMG_0510.JPG 1426452933 0 0
0 IMG_0511.JPG 1426452976 0 0
0 IMG_0512.JPG 1426452978 0 0
0 IMG_0513.JPG 1426452979 0 0
0 IMG_0514.JPG 1426453136 0 0
0 IMG_0515.JPG 1426453280 0 0
0 IMG_0516.JPG 1426453287 0 0
0 IMG_0517.JPG 1426453304 0 0
0 IMG_0518.JPG 1426453307 0 0
0 IMG_0519.JPG 1426453309 0 0
0 IMG_0520.JPG 1426456142 0 0
0 IMG_0521.JPG 1426456176 0 0
0 IMG_0522.JPG 1426456180 0 0
0 IMG_0523.JPG 1426456343 0 0
0 IMG_0524.JPG 1426456344 0 0
0 IMG_0525.JPG 1426456345 0 0
0 IMG_0526.JPG 1426457201 0 0
0 IMG_0527.JPG 1426457202 0 0
0 IMG_0528.JPG 1426457209 0 0
0 IMG_0529.JPG 1426457440 0 0
0 IMG_0530.JPG 1426457443 0 0
0 IMG_0532.JPG 1426457468 0 0
0 IMG_0533.JPG 1426457475 0 0
0 IMG_0534.JPG 1426457477 0 0
0 IMG_0535.JPG 1426457521 0 0
0 IMG_0536.JPG 1426457579 0 0
0 IMG_0537.JPG 1426457581 0 0
0 IMG_0538.JPG 1426458559 0 0
0 IMG_0539.JPG 1426458562 0 0
0 IMG_0540.JPG 1426458579 0 0
0 IMG_0541.JPG 1426458580 0 0
0 IMG_0542.JPG 1426458580 0 0
0 IMG_0543.JPG 1426458725 0 0
0 IMG_0544.JPG 1426458850 0 0
0 IMG_0545.JPG 1426458853 0 0
0 IMG_0546.JPG 1426458856 0 0
0 IMG_0547.JPG 1426458860 0 0
0 IMG_0548.JPG 1426461095 0 0
0 IMG_0549.JPG 1426461097 0 0
0 IMG_0550.JPG 1426461192 0 0
0 IMG_0551.JPG 1426461196 0 0
0 IMG_0552.JPG 1426469665 0 0
0 IMG_0553.JPG 1426469667 0 0
0 IMG_0554.JPG 1426469673 0 0
0 IMG_0555.JPG 1426469674 0 0
0 IMG_0556.JPG 1426469678 0 0
0 IMG_0557.JPG 1426469680 0 0
1 IMG_0558.JPG 1426485651 0 0
0 IMG_0559.JPG 1426485653 0 0
0 IMG_0560.JPG 1426485654 0 0
0 IMG_0567.JPG 1426502047 0 0
0 IMG_0568.JPG 1426502057 0 0
1 IMG_0570.JPG 1426527892 0 0
0 IMG_0571.JPG 1426527894 0 0
0 IMG_0572.JPG 1426528034 0 0
1 IMG_0576.JPG 1426643263 0 0
0 IMG_0577.JPG 1426643269 0 0
0 IMG_0579.JPG 1426645453 0 0
0 IMG_0581.JPG 1426650237 0 0
0 IMG_0582.JPG 1426659755 0 0
0 IMG_0583.JPG 1426659764 0 0
0 IMG_0584.JPG 1426659765 0 0
1 IMG_0588.JPG 1426781253 0 0
0 IMG_0589.JPG 1426781258 0 0
0 IMG_0590.JPG 1426781262 0 0
1 IMG_0591.JPG 1426815103 0 0
0 IMG_0592.JPG 1426815107 0 0
0 IMG_0593.JPG 1426815108 0 0
0 IMG_0594.JPG 1426815109 0 0
0 IMG_0595.JPG 1426815111 0 0
0 IMG_0596.JPG 1426815115 0 0
0 IMG_0597.JPG 1426815117 0 0
0 IMG_0601.JPG 1426820621 0 0
0 IMG_0603.JPG 1426821021 0 0
1 IMG_0606.JPG 1426872491 0 0
0 IMG_0608.JPG 1426874790 0 0
0 IMG_0609.JPG 1426874791 0 0
0 IMG_0610.JPG 1426874792 0 0
0 IMG_0611.JPG 1426874793 0 0
0 IMG_0612.JPG 1426887150 0 0
0 IMG_0613.JPG 1426887153 0 0
0 IMG_0614.JPG 1426887158 0 0
0 IMG_0615.JPG 1426887166 0 0
0 IMG_0616.JPG 1426887298 0 0
0 IMG_0617.JPG 1426887307 0 0
0 IMG_0618.JPG 1426887395 0 0
0 IMG_0619.JPG 1426887400 0 0
0 IMG_0620.JPG 1426887407 0 0
0 IMG_0621.JPG 1426887408 0 0
0 IMG_0622.JPG 1426887409 0 0
0 IMG_0623.JPG 1426887410 0 0
0 IMG_0624.JPG 1426892250 0 0
0 IMG_0625.JPG 1426896861 0 0
0 IMG_0626.JPG 1426896862 0 0
0 IMG_0627.JPG 1426896863 0 0
0 IMG_0628.JPG 1426896863 0 0
0 IMG_0629.JPG 1426896866 0 0
0 IMG_0630.JPG 1426896867 0 0
0 IMG_0631.JPG 1426896868 0 0
0 IMG_0632.JPG 1426896868 0 0
1 IMG_0634.JPG 1426909289 0 0
0 IMG_0635.JPG 1426909292 0 0
0 IMG_0636.JPG 1426911677 0 0
0 IMG_0637.JPG 1426911680 0 0
0 IMG_0638.JPG 1426911687 0 0
0 IMG_0639.JPG 1426911932 0 0
0 IMG_0640.JPG 1426914556 0 0
0 IMG_0641.JPG 1426914559 0 0
0 IMG_0642.JPG 1426914560 0 0
0 IMG_0643.JPG 1426914560 0 0
0 IMG_0644.JPG 1426914562 0 0
0 IMG_0646.JPG 1426918716 0 0
0 IMG_0647.JPG 1426918725 0 0
0 IMG_0648.JPG 1426918729 0 0
0 IMG_0649.JPG 1426918730 0 0
1 IMG_0650.JPG 1426980772 0 0
0 IMG_0651.JPG 1426980778 0 0
0 IMG_0652.JPG 1426980785 0 0
0 IMG_0653.JPG 1426985403 0 0
0 IMG_0654.JPG 1426993165 0 0
0 IMG_0655.JPG 1426993176 0 0
0 IMG_0656.JPG 1426993178 0 0
0 IMG_0657.JPG 1426993179 0 0
0 IMG_0658.JPG 1426993180 0 0
0 IMG_0659.JPG 1426993181 0 0
0 IMG_0660.JPG 1426993238 0 0
1 IMG_0661.JPG 1427044285 0 0
0 IMG_0662.JPG 1427044286 0 0
0 IMG_0663.JPG 1427044288 0 0
0 IMG_0664.JPG 1427044289 0 0
0 IMG_0665.JPG 1427044292 0 0
1 IMG_0666.JPG 1427074722 0 0
0 IMG_0667.JPG 1427074744 0 0
0 IMG_0668.JPG 1427074767 0 0
0 IMG_0669.JPG 1427087544 0 0
0 IMG_0670.JPG 1427087547 0 0
0 IMG_0671.JPG 1427087559 0 0
0 IMG_0672.JPG 1427087700 0 0
0 IMG_0673.JPG 1427087706 0 0
0 IMG_0674.JPG 1427087707 0 0
0 IMG_0675.JPG 1427087711 0 0
1 IMG_0680.JPG 1427161416 0 0
0 IMG_0681.JPG 1427161417 0 0
0 IMG_0683.JPG 1427161419 0 0
0 IMG_0684.JPG 1427161420 0 0
0 IMG_0687.JPG 1427166815 0 0
0 IMG_0688.JPG 1427166818 0 0
0 IMG_0690.JPG 1427174635 0 0
1 IMG_0692.JPG 1427348269 0 0
1 IMG_0697.JPG 1427419995 0 0
0 IMG_0698.JPG 1427419996 0 0
0 IMG_0699.JPG 1427419997 0 0
0 IMG_0700.JPG 1427420004 0 0
0 IMG_0701.JPG 1427420006 0 0
0 IMG_0702.JPG 1427420008 0 0
0 IMG_0703.JPG 1427420266 0 0
0 IMG_0704.JPG 1427420269 0 0
0 IMG_0705.JPG 1427420275 0 0
1 IMG_0707.JPG 1427518627 0 0
0 IMG_0708.JPG 1427518645 0 0
0 IMG_0709.JPG 1427518652 0 0
0 IMG_0710.JPG 1427519343 0 0
0 IMG_0711.JPG 1427519351 0 0
0 IMG_0712.JPG 1427519353 0 0
0 IMG_0713.JPG 1427527598 0 0
0 IMG_0714.JPG 1427528860 0 0
0 IMG_0715.JPG 1427528885 0 0
0 IMG_0716.JPG 1427528922 0 0
0 IMG_0717.JPG 1427528924 0 0
0 IMG_0718.JPG 1427528927 0 0
0 IMG_0719.JPG 1427528928 0 0
0 IMG_0720.JPG 1427529149 0 0
1 IMG_0721.JPG 1427563205 0 0
0 IMG_0722.JPG 1427563207 0 0
1 IMG_0724.JPG 1427592551 0 0
0 IMG_0725.JPG 1427600807 0 0
0 IMG_0726.JPG 1427600809 0 0
1 IMG_0727.JPG 1427697766 0 0
0 IMG_0728.JPG 1427697771 0 0
0 IMG_0729.JPG 1427697773 0 0
1 IMG_0730.JPG 1427776098 0 0
0 IMG_0731.JPG 1427776103 0 0
0 IMG_0732.JPG 1427776107 0 0
0 IMG_0733.JPG 1427776109 0 0
0 IMG_0734.JPG 1427776261 0 0
1 IMG_0735.JPG 1427867714 0 0
0 IMG_0736.JPG 1427867718 0 0
1 IMG_0737.JPG 1427957893 0 0
0 IMG_0738.JPG 1427957899 0 0
1 IMG_0739.JPG 1428025456 0 0
0 IMG_0741.JPG 1428040830 0 0
0 IMG_0742.JPG 1428040832 0 0
0 IMG_0743.JPG 1428040832 0 0
0 IMG_0744.JPG 1428040835 0 0
0 IMG_0745.JPG 1428040838 0 0
0 IMG_0746.JPG 1428040840 0 0
0 IMG_0747.JPG 1428040841 0 0
0 IMG_0748.JPG 1428040842 0 0
0 IMG_0749.JPG 1428040885 0 0
0 IMG_0750.JPG 1428040887 0 0
0 IMG_0751.JPG 1428040888 0 0
0 IMG_0752.JPG 1428040890 0 0
0 IMG_0753.JPG 1428040893 0 0
0 IMG_0754.JPG 1428040894 0 0
0 IMG_0755.JPG 1428040897 0 0
0 IMG_0756.JPG 1428041129 0 0
0 IMG_0757.JPG 1428041183 0 0
0 IMG_0758.JPG 1428041185 0 0
0 IMG_0759.JPG 1428041188 0 0
0 IMG_0760.JPG 1428048141 0 0
1 IMG_0761.JPG 1428060216 0 0
0 IMG_0762.JPG 1428060218 0 0
0 IMG_0763.JPG 1428060221 0 0
0 IMG_0764.JPG 1428060224 0 0
0 IMG_0765.JPG 1428060230 0 0
0 IMG_0766.JPG 1428060234 0 0
0 IMG_0767.JPG 1428064728 0 0
1 IMG_0768.JPG 1428095266 0 0
0 IMG_0769.JPG 1428095273 0 0
0 IMG_0770.JPG 1428113170 0 0
0 IMG_0771.JPG 1428113171 0 0
0 IMG_0772.JPG 1428113172 0 0
0 IMG_0773.JPG 1428113437 0 0
0 IMG_0774.JPG 1428113437 0 0
0 IMG_0775.JPG 1428113438 0 0
0 IMG_0776.JPG 1428114235 0 0
0 IMG_0777.JPG 1428115207 0 0
0 IMG_0778.JPG 1428115211 0 0
0 IMG_0779.JPG 1428115211 0 0
0 IMG_0780.JPG 1428115240 0 0
0 IMG_0781.JPG 1428117477 0 0
0 IMG_0782.JPG 1428117479 0 0
0 IMG_0783.JPG 1428117481 0 0
0 IMG_0784.JPG 1428117482 0 0
0 IMG_0785.JPG 1428117483 0 0
0 IMG_0786.JPG 1428117484 0 0
0 IMG_0787.JPG 1428117485 0 0
0 IMG_0788.JPG 1428117486 0 0
0 IMG_0789.JPG 1428117488 0 0
0 IMG_0790.JPG 1428119332 0 0
0 IMG_0791.JPG 1428119333 0 0
0 IMG_0792.JPG 1428119335 0 0
0 IMG_0793.JPG 1428119337 0 0
0 IMG_0794.JPG 1428119351 0 0
0 IMG_0795.JPG 1428119354 0 0
0 IMG_0796.JPG 1428119444 0 0
0 IMG_0797.JPG 1428119446 0 0
0 IMG_0798.JPG 1428119449 0 0
0 IMG_0799.JPG 1428119456 0 0
0 IMG_0800.JPG 1428119459 0 0
0 IMG_0801.JPG 1428119828 0 0
0 IMG_0802.JPG 1428119829 0 0
0 IMG_0803.JPG 1428119830 0 0
0 IMG_0804.JPG 1428119834 0 0
0 IMG_0805.JPG 1428119837 0 0
0 IMG_0806.JPG 1428119839 0 0
1 IMG_0807.JPG 1428176688 0 0
1 IMG_0808.JPG 1428212357 0 0
0 IMG_0809.JPG 1428212363 0 0
0 IMG_0810.JPG 1428212376 0 0
0 IMG_0811.JPG 1428212379 0 0
1 IMG_0813.JPG 1428276841 0 0
0 IMG_0814.JPG 1428276842 0 0
0 IMG_0815.JPG 1428276867 0 0
0 IMG_0816.JPG 1428276878 0 0
0 IMG_0817.JPG 1428276880 0 0
0 IMG_0818.JPG 1428276957 0 0
0 IMG_0819.JPG 1428278169 0 0
0 IMG_0820.JPG 1428278172 0 0
0 IMG_0821.JPG 1428278173 0 0
0 IMG_0822.JPG 1428278175 0 0
0 IMG_0823.JPG 1428284958 0 0
0 IMG_0824.JPG 1428284959 0 0
0 IMG_0825.JPG 1428284966 0 0
0 IMG_0826.JPG 1428284967 0 0
1 IMG_0827.JPG 1428372126 0 0
0 IMG_0828.JPG 1428372132 0 0
0 IMG_0829.JPG 1428372323 0 0
0 IMG_0830.JPG 1428372327 0 0
0 IMG_0831.JPG 1428372347 0 0
0 IMG_0832.JPG 1428372604 0 0
0 IMG_0833.JPG 1428372607 0 0
1 IMG_0834.JPG 1428425448 0 0
0 IMG_0835.JPG 1428425451 0 0
1 IMG_0836.JPG 1428462846 0 0
0 IMG_0837.JPG 1428462859 0 0
0 IMG_0838.JPG 1428462870 0 0
0 IMG_0839.JPG 1428462884 0 0
1 IMG_0840.JPG 1428676897 0 0
0 IMG_0841.JPG 1428676906 0 0
0 IMG_0842.JPG 1428676909 0 0
0 IMG_0843.JPG 1428676913 0 0
1 IMG_0844.JPG 1428706343 0 0
0 IMG_0845.JPG 1428706348 0 0
0 IMG_0846.JPG 1428707638 0 0
0 IMG_0847.JPG 1428707660 0 0
0 IMG_0848.JPG 1428714179 0 0
1 IMG_0849.JPG 1428789939 0 0
0 IMG_0850.JPG 1428789941 0 0
0 IMG_0851.JPG 1428790955 0 0
0 IMG_0852.JPG 1428792284 0 0
0 IMG_0853.JPG 1428792286 0 0
1 IMG_0857.JPG 1428878629 0 0
1 IMG_0858.JPG 1428900629 0 0
0 IMG_0859.JPG 1428900636 0 0
1 IMG_0860.JPG 1429196282 0 0
0 IMG_0861.JPG 1429196286 0 0
0 IMG_0862.JPG 1429198742 0 0
0 IMG_0863.JPG 1429198745 0 0
0 IMG_0864.JPG 1429198748 0 0
0 IMG_0865.JPG 1429198750 0 0
0 IMG_0866.JPG 1429199723 0 0
1 IMG_0870.JPG 1429380944 0 0
0 IMG_0871.JPG 1429380944 0 0
0 IMG_0872.JPG 1429380947 0 0
0 IMG_0873.JPG 1429380948 0 0
0 IMG_0874.JPG 1429384325 0 0
0 IMG_0875.JPG 1429384332 0 0
0 IMG_0876.JPG 1429385038 0 0
0 IMG_0877.JPG 1429385039 0 0
0 IMG_0878.JPG 1429385042 0 0
0 IMG_0879.JPG 1429401006 0 0
0 IMG_0880.JPG 1429401009 0 0
1 IMG_0881.JPG 1429419427 0 0
0 IMG_0882.JPG 1429419428 0 0
1 IMG_0883.JPG 1429495536 0 0
0 IMG_0884.JPG 1429495542 0 0
0 IMG_0885.JPG 1429495545 0 0
0 IMG_0886.JPG 1429495776 0 0
0 IMG_0887.JPG 1429495924 0 0
0 IMG_0888.JPG 1429495928 0 0
0 IMG_0889.JPG 1429495930 0 0
0 IMG_0890.JPG 1429495942 0 0
0 IMG_0891.JPG 1429495945 0 0
1 IMG_0892.JPG 1429744611 0 0
0 IMG_0893.JPG 1429744614 0 0
0 IMG_0894.JPG 1429746156 0 0
0 IMG_0895.JPG 1429746157 0 0
0 IMG_0896.JPG 1429746159 0 0
0 IMG_0897.JPG 1429746160 0 0
0 IMG_0898.JPG 1429760825 0 0
1 IMG_0899.JPG 1429845346 0 0
1 IMG_0900.JPG 1429982885 0 0
0 IMG_0901.JPG 1429982886 0 0
1 IMG_0906.JPG 1430070106 0 0
0 IMG_0907.JPG 1430070113 0 0
0 IMG_0908.JPG 1430079285 0 0
0 IMG_0909.JPG 1430079295 0 0
0 IMG_0910.JPG 1430079295 0 0
0 IMG_0911.JPG 1430079300 0 0
0 IMG_0912.JPG 1430079305 0 0
0 IMG_0913.JPG 1430079310 0 0
0 IMG_0914.JPG 1430079314 0 0
0 IMG_0915.JPG 1430081011 0 0
0 IMG_0916.JPG 1430081015 0 0
0 IMG_0917.JPG 1430081015 0 0
0 IMG_0918.JPG 1430081017 0 0
0 IMG_0919.JPG 1430081017 0 0
0 IMG_0920.JPG 1430081440 0 0
0 IMG_0921.JPG 1430081441 0 0
0 IMG_0922.JPG 1430081443 0 0
0 IMG_0923.JPG 1430081445 0 0
0 IMG_0924.JPG 1430081578 0 0
0 IMG_0925.JPG 1430081579 0 0
0 IMG_0926.JPG 1430081581 0 0
0 IMG_0927.JPG 1430081582 0 0
0 IMG_0928.JPG 1430081583 0 0
0 IMG_0929.JPG 1430081583 0 0
0 IMG_0930.JPG 1430081675 0 0
0 IMG_0931.JPG 1430081676 0 0
0 IMG_0932.JPG 1430081771 0 0
0 IMG_0933.JPG 1430089590 0 0
0 IMG_0934.JPG 1430089600 0 0
0 IMG_0935.JPG 1430089601 0 0
0 IMG_0936.JPG 1430090233 0 0
0 IMG_0937.JPG 1430090242 0 0
0 IMG_0938.JPG 1430090256 0 0
0 IMG_0939.JPG 1430090258 0 0
0 IMG_0940.JPG 1430090372 0 0
0 IMG_0941.JPG 1430090381 0 0
0 IMG_0942.JPG 1430090428 0 0
0 IMG_0943.JPG 1430090479 0 0
0 IMG_0944.JPG 1430090483 0 0
0 IMG_0945.JPG 1430090484 0 0
1 IMG_0946.JPG 1430111363 0 0
0 IMG_0947.JPG 1430111364 0 0
0 IMG_0948.JPG 1430111364 0 0
0 IMG_0950.JPG 1430111489 0 0
0 IMG_0951.JPG 1430111491 0 0
0 IMG_0952.JPG 1430111494 0 0
0 IMG_0953.JPG 1430111497 0 0
1 IMG_0954.JPG 1430274195 0 0
0 IMG_0955.JPG 1430274196 0 0
0 IMG_0956.JPG 1430274198 0 0
0 IMG_0957.JPG 1430274201 0 0
1 IMG_0958.JPG 1430332899 0 0
1 IMG_0959.JPG 1430360931 0 0
0 IMG_0960.JPG 1430360936 0 0
0 IMG_0961.JPG 1430360938 0 0
0 IMG_0962.JPG 1430360938 0 0
1 IMG_0963.JPG 1430443835 0 0
0 IMG_0964.JPG 1430443844 0 0
0 IMG_0965.JPG 1430443849 0 0
0 IMG_0966.JPG 1430461593 0 0
0 IMG_0967.JPG 1430461594 0 0
1 IMG_0972.JPG 1430511341 0 0
0 IMG_0973.JPG 1430511342 0 0
0 IMG_0974.JPG 1430511343 0 0
0 IMG_0975.JPG 1430511352 0 0
0 IMG_0976.JPG 1430511401 0 0
0 IMG_0977.JPG 1430511404 0 0
1 IMG_0978.JPG 1430574929 0 0
0 IMG_0979.JPG 1430574931 0 0
1 IMG_0980.JPG 1430611447 0 0
0 IMG_0981.JPG 1430611448 0 0
0 IMG_0982.JPG 1430611463 0 0
1 IMG_0983.JPG 1430671839 0 0
0 IMG_0984.JPG 1430671840 0 0
0 IMG_0985.JPG 1430671842 0 0
0 IMG_0986.JPG 1430672290 0 0
0 IMG_0987.JPG 1430672292 0 0
0 IMG_0988.JPG 1430672316 0 0
0 IMG_0989.JPG 1430672317 0 0
0 IMG_0993.JPG 1430678056 0 0
0 IMG_0994.JPG 1430678891 0 0
1 IMG_0995.JPG 1430694068 0 0
0 IMG_0996.JPG 1430694069 0 0
0 IMG_0997.JPG 1430694071 0 0
0 IMG_0998.JPG 1430694071 0 0
0 IMG_0999.JPG 1430694073 0 0
0 IMG_1001.JPG 1430694074 0 0
0 IMG_1002.JPG 1430694077 0 0
0 IMG_1003.JPG 1430694077 0 0
0 IMG_1004.JPG 1430694078 0 0
0 IMG_1005.JPG 1430694078 0 0
0 IMG_1006.JPG 1430694555 0 0
0 IMG_1007.JPG 1430694557 0 0
0 IMG_1008.JPG 1430694881 0 0
0 IMG_1009.JPG 1430694882 0 0
0 IMG_1010.JPG 1430694973 0 0
0 IMG_1011.JPG 1430694974 0 0
0 IMG_1012.JPG 1430694978 0 0
0 IMG_1013.JPG 1430694982 0 0
0 IMG_1014.JPG 1430694989 0 0
0 IMG_1015.JPG 1430694990 0 0
0 IMG_1016.JPG 1430694993 0 0
0 IMG_1017.JPG 1430695091 0 0
0 IMG_1018.JPG 1430695093 0 0
0 IMG_1019.JPG 1430695094 0 0
0 IMG_1020.JPG 1430695095 0 0
0 IMG_1021.JPG 1430695095 0 0
1 IMG_1022.JPG 1430839301 0 0
1 IMG_1025.JPG 1430876501 0 0
0 IMG_1026.JPG 1430876524 0 0
0 IMG_1027.JPG 1430876539 0 0
1 IMG_1028.JPG 1430890632 0 0
0 IMG_1029.JPG 1430890635 0 0
0 IMG_1030.JPG 1430890641 0 0
1 IMG_1033.JPG 1430954918 0 0
0 IMG_1034.JPG 1430954919 0 0
0 IMG_1035.JPG 1430954920 0 0
1 IMG_1036.JPG 1431132760 0 0
0 IMG_1037.JPG 1431135719 0 0
0 IMG_1038.JPG 1431135721 0 0
0 IMG_1039.JPG 1431135723 0 0
0 IMG_1040.JPG 1431145647 0 0
0 IMG_1041.JPG 1431145772 0 0
0 IMG_1042.JPG 1431145788 0 0
1 IMG_1043.JPG 1431229465 0 0
1 IMG_1044.JPG 1431280414 0 0
0 IMG_1045.JPG 1431280416 0 0
0 IMG_1046.JPG 1431280417 0 0
0 IMG_1048.JPG 1431289376 0 0
0 IMG_1049.JPG 1431289378 0 0
0 IMG_1050.JPG 1431289402 0 0
0 IMG_1051.JPG 1431289521 0 0
1 IMG_1052.JPG 1431325017 0 0
0 IMG_1053.JPG 1431325025 0 0
1 IMG_1054.JPG 1431395450 0 0
0 IMG_1056.JPG 1431395457 0 0
1 IMG_1059.JPG 1431657450 0 0
1 IMG_1060.JPG 1431734318 0 0
1 IMG_1061.JPG 1431825162 0 0
0 IMG_1062.JPG 1431825162 0 0
0 IMG_1063.JPG 1431825173 0 0
0 IMG_1064.JPG 1431825174 0 0
0 IMG_1065.JPG 1431825175 0 0
0 IMG_1066.JPG 1431825176 0 0
0 IMG_1067.JPG 1431825178 0 0
0 IMG_1068.JPG 1431825178 0 0
0 IMG_1069.JPG 1431825180 0 0
0 IMG_1070.JPG 1431825180 0 0
0 IMG_1071.JPG 1431825181 0 0
0 IMG_1072.JPG 1431825182 0 0
0 IMG_1073.JPG 1431825827 0 0
0 IMG_1074.JPG 1431828130 0 0
0 IMG_1075.JPG 1431828132 0 0
0 IMG_1076.JPG 1431844753 0 0
1 IMG_1077.JPG 1431883845 0 0
0 IMG_1078.JPG 1431883845 0 0
0 IMG_1079.JPG 1431883846 0 0
0 IMG_1080.JPG 1431883846 0 0
1 IMG_1081.JPG 1432179429 0 0
0 IMG_1082.JPG 1432179744 0 0
0 IMG_1083.JPG 1432179860 0 0
0 IMG_1084.JPG 1432179973 0 0
0 IMG_1085.JPG 1432183647 0 0
0 IMG_1086.JPG 1432187011 0 0
1 IMG_1089.JPG 1432267783 0 0
0 IMG_1090.JPG 1432270473 0 0
1 IMG_1091.JPG 1432357754 0 0
0 IMG_1092.JPG 1432357755 0 0
0 IMG_1093.JPG 1432357757 0 0
0 IMG_1094.JPG 1432362607 0 0
0 IMG_1095.JPG 1432362642 0 0
1 IMG_1096.JPG 1432445178 0 0
1 IMG_1097.JPG 1432483042 0 0
0 IMG_1098.JPG 1432488612 0 0
0 IMG_1099.JPG 1432488614 0 0
0 IMG_1100.JPG 1432488617 0 0
0 IMG_1101.JPG 1432488626 0 0
0 IMG_1103.JPG 1432496332 0 0
1 IMG_1104.JPG 1432519189 0 0
1 IMG_1105.JPG 1432582217 0 0
0 IMG_1106.JPG 1432582219 0 0
0 IMG_1107.JPG 1432582246 0 0
0 IMG_1108.JPG 1432582258 0 0
0 IMG_1109.JPG 1432583275 0 0
0 IMG_1110.JPG 1432583275 0 0
0 IMG_1111.JPG 1432583276 0 0
0 IMG_1112.JPG 1432583277 0 0
0 IMG_1113.JPG 1432583608 0 0
0 IMG_1114.JPG 1432583611 0 0
0 IMG_1115.JPG 1432585859 0 0
0 IMG_1116.JPG 1432585860 0 0
0 IMG_1117.JPG 1432585861 0 0
0 IMG_1118.JPG 1432585979 0 0
0 IMG_1119.JPG 1432585980 0 0
0 IMG_1120.JPG 1432585982 0 0
0 IMG_1121.JPG 1432585991 0 0
1 IMG_1122.JPG 1432690387 0 0
0 IMG_1123.JPG 1432690388 0 0
0 IMG_1124.JPG 1432690389 0 0
0 IMG_1125.JPG 1432690390 0 0
1 IMG_1128.JPG 1432961236 0 0
1 IMG_1130.JPG 1433007137 0 0
0 IMG_1131.JPG 1433007138 0 0
0 IMG_1133.JPG 1433008522 0 0
0 IMG_1134.JPG 1433008523 0 0
0 IMG_1135.JPG 1433008608 0 0
0 IMG_1136.JPG 1433008610 0 0
0 IMG_1137.JPG 1433008612 0 0
0 IMG_1138.JPG 1433013989 0 0
0 IMG_1139.JPG 1433014014 0 0
0 IMG_1140.JPG 1433014054 0 0
0 IMG_1141.JPG 1433014055 0 0
0 IMG_1142.JPG 1433014082 0 0
1 IMG_1143.JPG 1433036473 0 0
0 IMG_1144.JPG 1433043636 0 0
0 IMG_1145.JPG 1433044785 0 0
0 IMG_1146.JPG 1433044787 0 0
1 IMG_1147.JPG 1433100337 0 0
0 IMG_1148.JPG 1433100352 0 0
0 IMG_1149.JPG 1433100356 0 0
0 IMG_1150.JPG 1433100357 0 0
0 IMG_1151.JPG 1433100359 0 0
1 IMG_1152.JPG 1433126470 0 0
0 IMG_1153.JPG 1433126484 0 0
1 IMG_1154.JPG 1433220207 0 0
0 IMG_1155.JPG 1433220209 0 0
0 IMG_1156.JPG 1433220220 0 0
0 IMG_1157.JPG 1433220221 0 0
1 IMG_1158.JPG 1433569346 0 0
0 IMG_1159.JPG 1433569350 0 0
0 IMG_1160.JPG 1433569356 0 0
0 IMG_1161.JPG 1433569358 0 0
0 IMG_1162.JPG 1433569421 0 0
0 IMG_1163.JPG 1433569424 0 0
0 IMG_1164.JPG 1433569427 0 0
1 IMG_1165.JPG 1433686900 0 0
0 IMG_1166.JPG 1433686906 0 0
1 IMG_1167.JPG 1433702930 0 0
0 IMG_1168.JPG 1433702931 0 0
0 IMG_1169.JPG 1433702932 0 0
0 IMG_1170.JPG 1433702932 0 0
0 IMG_1171.JPG 1433719563 0 0
0 IMG_1172.JPG 1433719569 0 0
0 IMG_1173.JPG 1433719570 0 0
1 IMG_1174.JPG 1433856260 0 0
0 IMG_1175.JPG 1433856299 0 0
0 IMG_1176.JPG 1433856422 0 0
0 IMG_1177.JPG 1433856426 0 0
0 IMG_1178.JPG 1433856426 0 0
0 IMG_1179.JPG 1433856427 0 0
0 IMG_1180.JPG 1433861396 0 0
0 IMG_1185.JPG 1433861407 0 0
0 IMG_1188.JPG 1433861534 0 0
1 IMG_1189.JPG 1434089764 0 0
0 IMG_1190.JPG 1434089765 0 0
1 IMG_1191.JPG 1434113149 0 0
0 IMG_1192.JPG 1434113151 0 0
0 IMG_1193.JPG 1434130799 0 0
1 IMG_1194.JPG 1434162682 0 0
0 IMG_1195.JPG 1434162684 0 0
0 IMG_1196.JPG 1434162685 0 0
0 IMG_1197.JPG 1434162686 0 0
0 IMG_1198.JPG 1434162687 0 0
0 IMG_1199.JPG 1434162707 0 0
0 IMG_1200.JPG 1434162707 0 0
0 IMG_1201.JPG 1434164148 0 0
0 IMG_1202.JPG 1434164150 0 0
0 IMG_1203.JPG 1434165292 0 0
0 IMG_1204.JPG 1434165293 0 0
0 IMG_1205.JPG 1434179058 0 0
0 IMG_1206.JPG 1434179063 0 0
0 IMG_1207.JPG 1434179191 0 0
0 IMG_1208.JPG 1434183227 0 0
0 IMG_1209.JPG 1434187978 0 0
0 IMG_1210.JPG 1434187979 0 0
0 IMG_1211.JPG 1434187983 0 0
1 IMG_1212.JPG 1434216159 0 0
0 IMG_1213.JPG 1434220365 0 0
0 IMG_1214.JPG 1434220471 0 0
0 IMG_1215.JPG 1434234318 0 0
0 IMG_1216.JPG 1434234318 0 0
1 IMG_1217.JPG 1434307729 0 0
0 IMG_1218.JPG 1434307733 0 0
0 IMG_1219.JPG 1434307760 0 0
0 IMG_1220.JPG 1434307763 0 0
1 IMG_1225.JPG 1434381442 0 0
0 IMG_1226.JPG 1434399205 0 0
1 IMG_1227.JPG 1434410315 0 0
0 IMG_1228.JPG 1434410316 0 0
0 IMG_1229.JPG 1434410342 0 0
1 IMG_1230.JPG 1434482453 0 0
0 IMG_1231.JPG 1434482458 0 0
0 IMG_1232.JPG 1434482488 0 0
0 IMG_1246.JPG 1434495118 0 0
0 IMG_1248.JPG 1434495120 0 0
0 IMG_1252.JPG 1434495122 0 0
0 IMG_1254.JPG 1434496706 0 0
1 IMG_1258.JPG 1434518643 0 0
1 IMG_1259.JPG 1434549902 0 0
0 IMG_1260.JPG 1434549909 0 0
0 IMG_1261.JPG 1434562061 0 0
0 IMG_1262.JPG 1434562062 0 0
0 IMG_1263.JPG 1434562062 0 0
0 IMG_1264.JPG 1434562062 0 0
0 IMG_1265.JPG 1434562069 0 0
0 IMG_1266.JPG 1434562260 0 0
0 IMG_1267.JPG 1434565286 0 0
1 IMG_1268.JPG 1434689378 0 0
0 IMG_1269.JPG 1434689380 0 0
0 IMG_1270.JPG 1434689381 0 0
0 IMG_1271.JPG 1434689382 0 0
0 IMG_1272.JPG 1434689383 0 0
0 IMG_1273.JPG 1434689383 0 0
0 IMG_1274.JPG 1434689383 0 0
0 IMG_1275.JPG 1434689383 0 0
0 IMG_1276.JPG 1434689383 0 0
0 IMG_1277.JPG 1434689383 0 0
0 IMG_1278.JPG 1434689383 0 0
0 IMG_1279.JPG 1434689385 0 0
0 IMG_1280.JPG 1434689386 0 0
0 IMG_1281.JPG 1434689390 0 0
0 IMG_1282.JPG 1434689391 0 0
0 IMG_1283.JPG 1434689393 0 0
0 IMG_1284.JPG 1434689394 0 0
0 IMG_1285.JPG 1434689395 0 0
0 IMG_1286.JPG 1434689396 0 0
0 IMG_1287.JPG 1434689397 0 0
0 IMG_1288.JPG 1434689398 0 0
0 IMG_1289.JPG 1434689399 0 0
0 IMG_1290.JPG 1434689400 0 0
0 IMG_1291.JPG 1434689693 0 0
0 IMG_1292.JPG 1434689694 0 0
0 IMG_1293.JPG 1434689696 0 0
0 IMG_1294.JPG 1434689720 0 0
0 IMG_1295.JPG 1434689723 0 0
0 IMG_1296.JPG 1434689728 0 0
0 IMG_1297.JPG 1434689729 0 0
0 IMG_1298.JPG 1434689730 0 0
0 IMG_1299.JPG 1434689731 0 0
0 IMG_1300.JPG 1434689732 0 0
0 IMG_1301.JPG 1434689789 0 0
0 IMG_1302.JPG 1434689790 0 0
0 IMG_1303.JPG 1434689791 0 0
0 IMG_1304.JPG 1434689792 0 0
0 IMG_1305.JPG 1434689793 0 0
0 IMG_1306.JPG 1434689793 0 0
0 IMG_1307.JPG 1434689794 0 0
0 IMG_1308.JPG 1434689795 0 0
0 IMG_1309.JPG 1434689795 0 0
0 IMG_1310.JPG 1434689796 0 0
0 IMG_1311.JPG 1434689799 0 0
0 IMG_1312.JPG 1434689800 0 0
0 IMG_1313.JPG 1434689801 0 0
0 IMG_1314.JPG 1434689802 0 0
0 IMG_1315.JPG 1434689810 0 0
0 IMG_1316.JPG 1434689811 0 0
0 IMG_1317.JPG 1434689812 0 0
0 IMG_1318.JPG 1434689813 0 0
0 IMG_1319.JPG 1434689814 0 0
0 IMG_1320.JPG 1434689814 0 0
0 IMG_1321.JPG 1434689815 0 0
0 IMG_1322.JPG 1434689819 0 0
0 IMG_1323.JPG 1434689820 0 0
0 IMG_1324.JPG 1434689821 0 0
0 IMG_1325.JPG 1434689823 0 0
0 IMG_1326.JPG 1434689912 0 0
0 IMG_1327.JPG 1434693880 0 0
0 IMG_1328.JPG 1434693881 0 0
0 IMG_1329.JPG 1434693883 0 0
0 IMG_1330.JPG 1434693893 0 0
0 IMG_1331.JPG 1434693894 0 0
0 IMG_1332.JPG 1434693904 0 0
0 IMG_1333.JPG 1434694077 0 0
0 IMG_1334.JPG 1434694078 0 0
0 IMG_1335.JPG 1434694080 0 0
0 IMG_1336.JPG 1434694081 0 0
1 IMG_1337.JPG 1434819471 0 0
1 IMG_1338.JPG 1434851983 0 0
0 IMG_1339.JPG 1434851992 0 0
0 IMG_1340.JPG 1434851993 0 0
0 IMG_1341.JPG 1434851997 0 0
0 IMG_1342.JPG 1434851998 0 0
0 IMG_1343.JPG 1434854801 0 0
0 IMG_1344.JPG 1434854802 0 0
0 IMG_1345.JPG 1434854804 0 0
0 IMG_1346.JPG 1434857189 0 0
0 IMG_1347.JPG 1434857824 0 0
0 IMG_1348.JPG 1434857829 0 0
0 IMG_1349.JPG 1434857849 0 0
0 IMG_1350.JPG 1434857853 0 0
1 IMG_1351.JPG 1434903032 0 0
0 IMG_1352.JPG 1434903033 0 0
0 IMG_1353.JPG 1434903044 0 0
0 IMG_1354.JPG 1434903062 0 0
0 IMG_1355.JPG 1434903062 0 0
0 IMG_1356.JPG 1434903092 0 0
1 IMG_1361.JPG 1434928396 0 0
0 IMG_1362.JPG 1434928397 0 0
0 IMG_1363.JPG 1434928403 0 0
0 IMG_1364.JPG 1434928403 0 0
0 IMG_1365.JPG 1434928404 0 0
0 IMG_1366.JPG 1434928404 0 0
0 IMG_1367.JPG 1434928404 0 0
0 IMG_1368.JPG 1434928404 0 0
0 IMG_1369.JPG 1434928405 0 0
0 IMG_1370.JPG 1434928405 0 0
0 IMG_1371.JPG 1434928405 0 0
0 IMG_1372.JPG 1434928406 0 0
0 IMG_1373.JPG 1434928407 0 0
0 IMG_1374.JPG 1434928407 0 0
0 IMG_1375.JPG 1434928407 0 0
0 IMG_1376.JPG 1434928407 0 0
0 IMG_1377.JPG 1434928407 0 0
0 IMG_1378.JPG 1434928407 0 0
0 IMG_1379.JPG 1434928407 0 0
0 IMG_1380.JPG 1434928407 0 0
0 IMG_1381.JPG 1434928407 0 0
0 IMG_1528.JPG 1434930486 0 0
0 IMG_1382.JPG 1434931657 0 0
0 IMG_1383.JPG 1434931661 0 0
0 IMG_1384.JPG 1434931662 0 0
0 IMG_1385.JPG 1434931666 0 0
0 IMG_1386.JPG 1434931670 0 0
0 IMG_1387.JPG 1434931675 0 0
0 IMG_1388.JPG 1434931677 0 0
0 IMG_1389.JPG 1434931677 0 0
0 IMG_1390.JPG 1434931677 0 0
0 IMG_1391.JPG 1434931677 0 0
0 IMG_1392.JPG 1434931678 0 0
0 IMG_1393.JPG 1434931678 0 0
0 IMG_1394.JPG 1434931678 0 0
0 IMG_1395.JPG 1434931678 0 0
0 IMG_1396.JPG 1434931685 0 0
0 IMG_1397.JPG 1434931716 0 0
0 IMG_1398.JPG 1434931738 0 0
0 IMG_1399.JPG 1434931757 0 0
0 IMG_1400.JPG 1434931758 0 0
0 IMG_1401.JPG 1434931758 0 0
0 IMG_1402.JPG 1434931759 0 0
0 IMG_1403.JPG 1434931759 0 0
0 IMG_1404.JPG 1434931759 0 0
0 IMG_1405.JPG 1434931759 0 0
0 IMG_1406.JPG 1434931759 0 0
0 IMG_1407.JPG 1434931759 0 0
0 IMG_1408.JPG 1434931759 0 0
0 IMG_1409.JPG 1434931759 0 0
0 IMG_1410.JPG 1434931883 0 0
0 IMG_1411.JPG 1434931887 0 0
0 IMG_1412.JPG 1434931942 0 0
0 IMG_1413.JPG 1434931947 0 0
1 IMG_1414.JPG 1434988030 0 0
0 IMG_1416.JPG 1434988044 0 0
0 IMG_1417.JPG 1434988044 0 0
0 IMG_1418.JPG 1434990743 0 0
0 IMG_1419.JPG 1434998200 0 0
0 IMG_1420.JPG 1434998206 0 0
0 IMG_1421.JPG 1434998251 0 0
0 IMG_1422.JPG 1434998265 0 0
0 IMG_1423.JPG 1434998399 0 0
0 IMG_1424.JPG 1434998399 0 0
0 IMG_1425.JPG 1434998399 0 0
0 IMG_1426.JPG 1434998399 0 0
0 IMG_1427.JPG 1434998399 0 0
0 IMG_1434.JPG 1434998404 0 0
0 IMG_1435.JPG 1434998404 0 0
0 IMG_1436.JPG 1434998404 0 0
0 IMG_1446.JPG 1434998460 0 0
0 IMG_1450.JPG 1434998461 0 0
0 IMG_1464.JPG 1434998610 0 0
0 IMG_1465.JPG 1434998622 0 0
0 IMG_1466.JPG 1434998626 0 0
0 IMG_1467.JPG 1434998627 0 0
0 IMG_1469.JPG 1434999361 0 0
0 IMG_1470.JPG 1435013804 0 0
0 IMG_1471.JPG 1435013805 0 0
0 IMG_1472.JPG 1435013806 0 0
0 IMG_1473.JPG 1435013807 0 0
0 IMG_1474.JPG 1435016452 0 0
0 IMG_1475.JPG 1435016457 0 0
1 IMG_1476.JPG 1435025026 0 0
0 IMG_1477.JPG 1435025027 0 0
0 IMG_1478.JPG 1435025031 0 0
0 IMG_1479.JPG 1435026126 0 0
0 IMG_1480.JPG 1435026129 0 0
1 IMG_1481.JPG 1435085956 0 0
0 IMG_1482.JPG 1435085962 0 0
0 IMG_1483.JPG 1435085985 0 0
0 IMG_1484.JPG 1435086021 0 0
0 IMG_1485.JPG 1435089849 0 0
0 IMG_1486.JPG 1435089850 0 0
0 IMG_1487.JPG 1435089851 0 0
0 IMG_1529.JPG 1435095533 0 0
1 IMG_1489.JPG 1435193372 0 0
0 IMG_1490.JPG 1435193374 0 0
0 IMG_1530.JPG 1435197916 0 0
1 IMG_1531.JPG 1435251929 0 0
0 IMG_1532.JPG 1435260868 0 0
0 IMG_1533.JPG 1435260872 0 0
0 IMG_1534.JPG 1435260887 0 0
0 IMG_1535.JPG 1435260889 0 0
0 IMG_1536.JPG 1435260893 0 0
0 IMG_1537.JPG 1435260897 0 0
0 IMG_1538.JPG 1435260900 0 0
0 IMG_1539.JPG 1435260903 0 0
1 IMG_1494.JPG 1435338095 0 0
0 IMG_1495.JPG 1435338095 0 0
0 IMG_1496.JPG 1435338099 0 0
0 IMG_1497.JPG 1435338099 0 0
0 IMG_1520.JPG 1435339437 0 0
0 IMG_1521.JPG 1435339439 0 0
0 IMG_1522.JPG 1435339466 0 0
0 IMG_1523.JPG 1435339467 0 0
0 IMG_1524.JPG 1435339469 0 0
0 IMG_1525.JPG 1435339508 0 0
0 IMG_1526.JPG 1435339547 0 0
0 IMG_1527.JPG 1435339550 0 0
0 IMG_1498.JPG 1435342243 0 0
0 IMG_1499.JPG 1435342244 0 0
0 IMG_1500.JPG 1435342247 0 0
0 IMG_1501.JPG 1435342248 0 0
0 IMG_1502.JPG 1435342368 0 0
0 IMG_1503.JPG 1435342369 0 0
0 IMG_1504.JPG 1435342370 0 0
0 IMG_1505.JPG 1435342371 0 0
0 IMG_1506.JPG 1435342414 0 0
0 IMG_1507.JPG 1435342416 0 0
0 IMG_1508.JPG 1435342419 0 0
0 IMG_1509.JPG 1435342451 0 0
0 IMG_1510.JPG 1435342451 0 0
0 IMG_1511.JPG 1435342459 0 0
0 IMG_1512.JPG 1435342459 0 0
0 IMG_1513.JPG 1435342505 0 0
0 IMG_1514.JPG 1435342506 0 0
0 IMG_1515.JPG 1435342508 0 0
0 IMG_1516.JPG 1435342509 0 0
0 IMG_1517.JPG 1435342584 0 0
0 IMG_1518.JPG 1435342593 0 0
0 IMG_1519.JPG 1435342599 0 0
0 IMG_1540.JPG 1435353775 0 0
0 IMG_1541.JPG 1435353780 0 0
0 IMG_1542.JPG 1435353907 0 0
0 IMG_1543.JPG 1435353909 0 0
0 IMG_1544.JPG 1435353943 0 0
0 IMG_1545.JPG 1435353945 0 0
0 IMG_1546.JPG 1435354065 0 0
0 IMG_1547.JPG 1435354067 0 0
0 IMG_1548.JPG 1435354617 0 0
0 IMG_1549.JPG 1435354635 0 0
0 IMG_1550.JPG 1435354642 0 0
0 IMG_1551.JPG 1435354648 0 0
0 IMG_1552.JPG 1435356044 0 0
0 IMG_1553.JPG 1435356044 0 0
0 IMG_1554.JPG 1435360069 0 0
0 IMG_1555.JPG 1435360071 0 0
0 IMG_1556.JPG 1435360072 0 0
0 IMG_1557.JPG 1435360073 0 0
0 IMG_1558.JPG 1435360073 0 0
0 IMG_1559.JPG 1435360073 0 0
0 IMG_1560.JPG 1435360073 0 0
0 IMG_1561.JPG 1435360073 0 0
0 IMG_1562.JPG 1435360073 0 0
0 IMG_1563.JPG 1435360073 0 0
0 IMG_1564.JPG 1435360073 0 0
0 IMG_1565.JPG 1435360073 0 0
0 IMG_1566.JPG 1435360073 0 0
0 IMG_1567.JPG 1435360073 0 0
0 IMG_1568.JPG 1435360074 0 0
0 IMG_1569.JPG 1435360074 0 0
1 IMG_1570.JPG 1435410097 0 0
0 IMG_1571.JPG 1435410100 0 0
0 IMG_1572.JPG 1435410102 0 0
0 IMG_1573.JPG 1435410104 0 0
0 IMG_1574.JPG 1435410105 0 0
0 IMG_1575.JPG 1435410105 0 0
0 IMG_1576.JPG 1435410105 0 0
0 IMG_1577.JPG 1435410105 0 0
0 IMG_1578.JPG 1435410105 0 0
0 IMG_1579.JPG 1435410105 0 0
1 IMG_1580.JPG 1435434852 0 0
0 IMG_1581.JPG 1435434854 0 0
0 IMG_1582.JPG 1435434855 0 0
0 IMG_1583.JPG 1435434855 0 0
0 IMG_1584.JPG 1435434855 0 0
0 IMG_1585.JPG 1435434855 0 0
0 IMG_1586.JPG 1435434855 0 0
0 IMG_1587.JPG 1435434855 0 0
0 IMG_1588.JPG 1435434855 0 0
0 IMG_1589.JPG 1435434855 0 0
0 IMG_1590.JPG 1435434855 0 0
0 IMG_1591.JPG 1435434855 0 0
0 IMG_1592.JPG 1435434855 0 0
0 IMG_1593.JPG 1435434856 0 0
0 IMG_1594.JPG 1435434856 0 0
0 IMG_1595.JPG 1435441661 0 0
0 IMG_1596.JPG 1435441665 0 0
0 IMG_1597.JPG 1435441767 0 0
0 IMG_1598.JPG 1435441911 0 0
0 IMG_1599.JPG 1435441913 0 0
0 IMG_1600.JPG 1435443817 0 0
0 IMG_1601.JPG 1435443895 0 0
0 IMG_1602.JPG 1435446352 0 0
0 IMG_1603.JPG 1435446357 0 0
0 IMG_1604.JPG 1435446360 0 0
0 IMG_1605.JPG 1435446573 0 0
1 IMG_1606.JPG 1435534924 0 0
0 IMG_1607.JPG 1435534925 0 0
1 IMG_1608.JPG 1435557855 0 0
1 IMG_1609.JPG 1435625621 0 0
0 IMG_1610.JPG 1435625631 0 0
0 IMG_1611.JPG 1435632593 0 0
0 IMG_1612.JPG 1435632598 0 0
1 IMG_1615.JPG 1435731426 0 0
0 IMG_1616.JPG 1435731436 0 0
1 IMG_1617.JPG 1435759043 0 0
0 IMG_1618.JPG 1435759050 0 0
0 IMG_1619.JPG 1435759062 0 0
1 IMG_1621.JPG 1435810589 0 0
0 IMG_1622.JPG 1435810594 0 0
1 IMG_1623.JPG 1435866133 0 0
0 IMG_1624.JPG 1435866134 0 0
0 IMG_1625.JPG 1435866262 0 0
0 IMG_1626.JPG 1435866263 0 0
1 IMG_1628.JPG 1435893888 0 0
0 IMG_1629.JPG 1435893889 0 0
0 IMG_1630.JPG 1435893891 0 0
0 IMG_1631.JPG 1435893891 0 0
0 IMG_1632.JPG 1435893891 0 0
0 IMG_1633.JPG 1435893891 0 0
1 IMG_1634.JPG 1435949230 0 0
0 IMG_1635.JPG 1435950967 0 0
0 IMG_1636.JPG 1435952675 0 0
0 IMG_1637.JPG 1435952756 0 0
0 IMG_1638.JPG 1435952761 0 0
0 IMG_1639.JPG 1435952761 0 0
0 IMG_1640.JPG 1435952761 0 0
0 IMG_1641.JPG 1435952762 0 0
0 IMG_1642.JPG 1435952762 0 0
0 IMG_1643.JPG 1435952762 0 0
0 IMG_1644.JPG 1435952762 0 0
0 IMG_1645.JPG 1435952762 0 0
0 IMG_1646.JPG 1435952763 0 0
0 IMG_1647.JPG 1435953845 0 0
0 IMG_1648.JPG 1435957022 0 0
0 IMG_1649.JPG 1435957025 0 0
0 IMG_1650.JPG 1435957028 0 0
0 IMG_1651.JPG 1435957045 0 0
0 IMG_1652.JPG 1435957133 0 0
0 IMG_1653.JPG 1435957133 0 0
0 IMG_1654.JPG 1435957704 0 0
0 IMG_1655.JPG 1435957704 0 0
0 IMG_1656.JPG 1435957707 0 0
0 IMG_1657.JPG 1435957708 0 0
0 IMG_1658.JPG 1435957711 0 0
0 IMG_1659.JPG 1435957883 0 0
0 IMG_1660.JPG 1435957906 0 0
0 IMG_1661.JPG 1435958034 0 0
0 IMG_1662.JPG 1435958407 0 0
0 IMG_1663.JPG 1435958408 0 0
0 IMG_1664.JPG 1435958408 0 0
0 IMG_1665.JPG 1435958408 0 0
0 IMG_1666.JPG 1435958408 0 0
0 IMG_1667.JPG 1435958408 0 0
0 IMG_1668.JPG 1435958408 0 0
0 IMG_1669.JPG 1435958408 0 0
0 IMG_1670.JPG 1435958408 0 0
0 IMG_1671.JPG 1435958408 0 0
0 IMG_1672.JPG 1435958409 0 0
0 IMG_1673.JPG 1435958409 0 0
0 IMG_1674.JPG 1435958409 0 0
0 IMG_1675.JPG 1435958409 0 0
0 IMG_1676.JPG 1435958409 0 0
0 IMG_1677.JPG 1435958409 0 0
1 IMG_1678.JPG 1436030242 0 0
1 IMG_1679.JPG 1436135326 0 0
0 IMG_1680.JPG 1436135326 0 0
1 IMG_1681.JPG 1436326896 0 0
0 IMG_1682.JPG 1436326901 0 0
0 IMG_1683.JPG 1436326901 0 0
0 IMG_1684.JPG 1436326901 0 0
0 IMG_1685.JPG 1436326901 0 0
0 IMG_1686.JPG 1436326901 0 0
0 IMG_1687.JPG 1436326901 0 0
0 IMG_1688.JPG 1436326901 0 0
0 IMG_1689.JPG 1436326901 0 0
0 IMG_1690.JPG 1436326901 0 0
0 IMG_1691.JPG 1436326901 0 0
0 IMG_1692.JPG 1436329588 0 0
0 IMG_1693.JPG 1436331846 0 0
0 IMG_1694.JPG 1436331850 0 0
1 IMG_1698.JPG 1436480594 0 0
1 IMG_1700.JPG 1436539556 0 0
0 IMG_1701.JPG 1436540949 0 0
0 IMG_1702.JPG 1436540951 0 0
0 IMG_1703.JPG 1436542078 0 0
1 IMG_1705.JPG 1436673395 0 0
0 IMG_1706.JPG 1436673397 0 0
0 IMG_1707.JPG 1436674343 0 0
0 IMG_1708.JPG 1436674478 0 0
0 IMG_1709.JPG 1436674482 0 0
0 IMG_1710.JPG 1436674879 0 0
0 IMG_1711.JPG 1436675034 0 0
0 IMG_1712.JPG 1436675231 0 0
0 IMG_1713.JPG 1436675909 0 0
0 IMG_1714.JPG 1436675913 0 0
1 IMG_1715.JPG 1436732763 0 0
0 IMG_1716.JPG 1436732778 0 0
0 IMG_1717.JPG 1436732778 0 0
0 IMG_1718.JPG 1436732787 0 0
0 IMG_1719.JPG 1436732793 0 0
0 IMG_1720.JPG 1436736357 0 0
0 IMG_1721.JPG 1436736373 0 0
0 IMG_1722.JPG 1436736374 0 0
0 IMG_1723.JPG 1436741426 0 0
0 IMG_1724.JPG 1436752499 0 0
0 IMG_1725.JPG 1436752509 0 0
1 IMG_1727.JPG 1436767289 0 0
0 IMG_1728.JPG 1436767303 0 0
0 IMG_1729.JPG 1436767309 0 0
1 IMG_1730.JPG 1436888937 0 0
1 IMG_1731.JPG 1437093383 0 0
0 IMG_1732.JPG 1437108084 0 0
0 IMG_1733.JPG 1437108086 0 0
0 IMG_1734.JPG 1437108088 0 0
1 IMG_1739.JPG 1437148952 0 0
1 IMG_1740.JPG 1437178655 0 0
0 IMG_1741.JPG 1437178661 0 0
0 IMG_1742.JPG 1437178666 0 0
0 IMG_1743.JPG 1437178670 0 0
0 IMG_1744.JPG 1437178672 0 0
0 IMG_1745.JPG 1437178673 0 0
1 IMG_1747.JPG 1437286082 0 0
0 IMG_1748.JPG 1437286092 0 0
0 IMG_1749.JPG 1437286099 0 0
0 IMG_1750.JPG 1437286100 0 0
0 IMG_1751.JPG 1437286102 0 0
0 IMG_1752.JPG 1437286105 0 0
0 IMG_1753.JPG 1437286113 0 0
0 IMG_1754.JPG 1437286122 0 0
0 IMG_1755.JPG 1437286755 0 0
0 IMG_1756.JPG 1437286758 0 0
0 IMG_1757.JPG 1437286772 0 0
0 IMG_1758.JPG 1437286775 0 0
0 IMG_1759.JPG 1437286808 0 0
0 IMG_1760.JPG 1437286812 0 0
0 IMG_1761.JPG 1437286818 0 0
0 IMG_1762.JPG 1437286821 0 0
0 IMG_1763.JPG 1437286894 0 0
0 IMG_1764.JPG 1437286903 0 0
0 IMG_1765.JPG 1437291436 0 0
1 IMG_1768.JPG 1437492029 0 0
0 IMG_1769.JPG 1437492033 0 0
1 IMG_1770.JPG 1437541290 0 0
0 IMG_1771.JPG 1437541299 0 0
0 IMG_1772.JPG 1437542544 0 0
0 IMG_1773.JPG 1437542551 0 0
0 IMG_1774.JPG 1437542553 0 0
0 IMG_1775.JPG 1437543060 0 0
1 IMG_1776.JPG 1437578459 0 0
1 IMG_1778.JPG 1437666761 0 0
1 IMG_1780.JPG 1437703401 0 0
0 IMG_1781.JPG 1437703403 0 0
0 IMG_1782.JPG 1437712689 0 0
1 IMG_1783.JPG 1437753955 0 0
0 IMG_1784.JPG 1437753956 0 0
0 IMG_1785.JPG 1437754057 0 0
1 IMG_1787.JPG 1437794791 0 0
