0 IMG_0001.JPG 1420964289 0 0
0 IMG_0002.JPG 1420964295 0 0
1 IMG_0003.JPG 1420993057 0 0
0 IMG_0004.JPG 1421009531 0 0
0 IMG_0005.JPG 1421009532 0 0
0 IMG_0006.JPG 1421009535 0 0
1 IMG_0010.JPG 1421025969 0 0
0 IMG_0011.JPG 1421025988 0 0
0 IMG_0012.JPG 1421025995 0 0
0 IMG_0014.JPG 1421026097 0 0
0 IMG_0015.JPG 1421026098 0 0
0 IMG_0017.JPG 1421026198 0 0
0 IMG_0022.JPG 1421026207 0 0
0 IMG_0023.JPG 1421026211 0 0
0 IMG_0024.JPG 1421026213 0 0
0 IMG_0025.JPG 1421038794 0 0
0 IMG_0026.JPG 1421038795 0 0
0 IMG_0027.JPG 1421038803 0 0
0 IMG_0029.JPG 1421039094 0 0
1 IMG_0030.JPG 1421114529 0 0
0 IMG_0031.JPG 1421114556 0 0
1 IMG_0036.JPG 1421204636 0 0
0 IMG_0037.JPG 1421204643 0 0
0 IMG_0045.JPG 1421205124 0 0
0 IMG_0047.JPG 1421206217 0 0
0 IMG_0048.JPG 1421206223 0 0
0 IMG_0050.JPG 1421208726 0 0
0 IMG_0051.JPG 1421208727 0 0
0 IMG_0052.JPG 1421208733 0 0
0 IMG_0053.JPG 1421208735 0 0
0 IMG_0054.JPG 1421208749 0 0
0 IMG_0055.JPG 1421208751 0 0
0 IMG_0056.JPG 1421208758 0 0
0 IMG_0057.JPG 1421209094 0 0
0 IMG_0058.JPG 1421209097 0 0
0 IMG_0059.JPG 1421209103 0 0
0 IMG_0060.JPG 1421209107 0 0
0 IMG_0061.JPG 1421209111 0 0
0 IMG_0062.JPG 1421209113 0 0
0 IMG_0063.JPG 1421209127 0 0
0 IMG_0064.JPG 1421209204 0 0
0 IMG_0065.JPG 1421209225 0 0
0 IMG_0066.JPG 1421209235 0 0
0 IMG_0067.JPG 1421209369 0 0
0 IMG_0068.JPG 1421209371 0 0
0 IMG_0069.JPG 1421209372 0 0
0 IMG_0070.JPG 1421209376 0 0
0 IMG_0071.JPG 1421209377 0 0
0 IMG_0072.JPG 1421209510 0 0
1 IMG_0075.JPG 1421523667 0 0
1 IMG_0077.JPG 1421634230 0 0
0 IMG_0078.JPG 1421634237 0 0
0 IMG_0079.JPG 1421634275 0 0
0 IMG_0080.JPG 1421634305 0 0
1 IMG_0081.JPG 1421654987 0 0
1 IMG_0082.JPG 1421706658 0 0
0 IMG_0083.JPG 1421706674 0 0
1 IMG_0085.JPG 1421826163 0 0
0 IMG_0086.JPG 1421826168 0 0
0 IMG_0087.JPG 1421826197 0 0
0 IMG_0088.JPG 1421826200 0 0
0 IMG_0089.JPG 1421826272 0 0
0 IMG_0091.JPG 1421826287 0 0
0 IMG_0094.JPG 1421826319 0 0
0 IMG_0095.JPG 1421826321 0 0
0 IMG_0096.JPG 1421826323 0 0
0 IMG_0097.JPG 1421826354 0 0
0 IMG_0098.JPG 1421826359 0 0
0 IMG_0099.JPG 1421826362 0 0
0 IMG_0100.JPG 1421826448 0 0
0 IMG_0102.JPG 1421826463 0 0
0 IMG_0104.JPG 1421826505 0 0
0 IMG_0105.JPG 1421826580 0 0
0 IMG_0106.JPG 1421826585 0 0
0 IMG_0107.JPG 1421826588 0 0
0 IMG_0108.JPG 1421827682 0 0
0 IMG_0109.JPG 1421827686 0 0
0 IMG_0110.JPG 1421827697 0 0
1 IMG_0111.JPG 1421889556 0 0
0 IMG_0112.JPG 1421889591 0 0
0 IMG_0113.JPG 1421889593 0 0
0 IMG_0114.JPG 1421889671 0 0
0 IMG_0115.JPG 1421889683 0 0
0 IMG_0116.JPG 1421889685 0 0
0 IMG_0117.JPG 1421889688 0 0
0 IMG_0118.JPG 1421889695 0 0
0 IMG_0119.JPG 1421889704 0 0
0 IMG_0120.JPG 1421889735 0 0
0 IMG_0122.JPG 1421889743 0 0
0 IMG_0123.JPG 1421892518 0 0
1 IMG_0125.JPG 1421995239 0 0
0 IMG_0126.JPG 1421995268 0 0
0 IMG_0143.JPG 1421997645 0 0
0 IMG_0144.JPG 1421997646 0 0
0 IMG_0145.JPG 1421997648 0 0
0 IMG_0146.JPG 1421997649 0 0
0 IMG_0147.JPG 1421997655 0 0
0 IMG_0148.JPG 1421997657 0 0
1 IMG_0155.JPG 1422288664 0 0
0 IMG_0156.JPG 1422288682 0 0
1 IMG_0158.JPG 1422412165 0 0
0 IMG_0159.JPG 1422412166 0 0
0 IMG_0160.JPG 1422412192 0 0
0 IMG_0161.JPG 1422428449 0 0
1 IMG_0165.JPG 1422599255 0 0
1 IMG_0166.JPG 1422633716 0 0
0 IMG_0167.JPG 1422633865 0 0
0 IMG_0168.JPG 1422633869 0 0
0 IMG_0169.JPG 1422633876 0 0
1 IMG_0170.JPG 1422689142 0 0
0 IMG_0171.JPG 1422689150 0 0
0 IMG_0172.JPG 1422689158 0 0
0 IMG_0173.JPG 1422689164 0 0
0 IMG_0174.JPG 1422689165 0 0
0 IMG_0175.JPG 1422689168 0 0
0 IMG_0176.JPG 1422689169 0 0
0 IMG_0177.JPG 1422689170 0 0
0 IMG_0178.JPG 1422689171 0 0
0 IMG_0179.JPG 1422689172 0 0
0 IMG_0180.JPG 1422689174 0 0
0 IMG_0181.JPG 1422689195 0 0
0 IMG_0182.JPG 1422689202 0 0
0 IMG_0183.JPG 1422689205 0 0
0 IMG_0184.JPG 1422689207 0 0
0 IMG_0185.JPG 1422689212 0 0
0 IMG_0186.JPG 1422689217 0 0
0 IMG_0187.JPG 1422689234 0 0
0 IMG_0188.JPG 1422689243 0 0
0 IMG_0189.JPG 1422689252 0 0
0 IMG_0190.JPG 1422689263 0 0
0 IMG_0191.JPG 1422689266 0 0
0 IMG_0194.JPG 1422689419 0 0
0 IMG_0195.JPG 1422689425 0 0
0 IMG_0196.JPG 1422689429 0 0
0 IMG_0197.JPG 1422689442 0 0
0 IMG_0198.JPG 1422689451 0 0
0 IMG_0199.JPG 1422689462 0 0
1 IMG_0202.JPG 1422738196 0 0
0 IMG_0203.JPG 1422738201 0 0
0 IMG_0204.JPG 1422738310 0 0
0 IMG_0205.JPG 1422738411 0 0
1 IMG_0206.JPG 1422815270 0 0
0 IMG_0207.JPG 1422815273 0 0
1 IMG_0208.JPG 1422930619 0 0
0 IMG_0210.JPG 1422930677 0 0
0 IMG_0211.JPG 1422930704 0 0
0 IMG_0212.JPG 1422930709 0 0
0 IMG_0214.JPG 1422930757 0 0
0 IMG_0215.JPG 1422930760 0 0
1 IMG_0219.JPG 1423017512 0 0
0 IMG_0220.JPG 1423017782 0 0
0 IMG_0221.JPG 1423017786 0 0
0 IMG_0222.JPG 1423026545 0 0
0 IMG_0223.JPG 1423026546 0 0
0 IMG_0224.JPG 1423026548 0 0
0 IMG_0225.JPG 1423026551 0 0
0 IMG_0226.JPG 1423026554 0 0
1 IMG_0227.JPG 1423151292 0 0
0 IMG_0228.JPG 1423151300 0 0
0 IMG_0229.JPG 1423151309 0 0
0 IMG_0230.JPG 1423156127 0 0
0 IMG_0232.JPG 1423157179 0 0
0 IMG_0233.JPG 1423157282 0 0
1 IMG_0235.JPG 1423351576 0 0
0 IMG_0236.JPG 1423351586 0 0
0 IMG_0238.JPG 1423359061 0 0
1 IMG_0240.JPG 1423424589 0 0
1 IMG_0243.JPG 1423633093 0 0
0 IMG_0244.JPG 1423633095 0 0
0 IMG_0245.JPG 1423633099 0 0
0 IMG_0246.JPG 1423633100 0 0
0 IMG_0247.JPG 1423633105 0 0
0 IMG_0248.JPG 1423633116 0 0
0 IMG_0249.JPG 1423633127 0 0
0 IMG_0250.JPG 1423633133 0 0
1 IMG_0254.JPG 1423681755 0 0
1 IMG_0256.JPG 1423930736 0 0
0 IMG_0257.JPG 1423930740 0 0
0 IMG_0258.JPG 1423930783 0 0
0 IMG_0259.JPG 1423930785 0 0
1 IMG_0260.JPG 1423950275 0 0
0 IMG_0261.JPG 1423950283 0 0
0 IMG_0262.JPG 1423950367 0 0
0 IMG_0263.JPG 1423950369 0 0
0 IMG_0265.JPG 1423951664 0 0
0 IMG_0266.JPG 1423951675 0 0
0 IMG_0267.JPG 1423951679 0 0
0 IMG_0269.JPG 1423951743 0 0
0 IMG_0270.JPG 1423951762 0 0
0 IMG_0271.JPG 1423951788 0 0
0 IMG_0272.JPG 1423951800 0 0
0 IMG_0273.JPG 1423951859 0 0
0 IMG_0274.JPG 1423951893 0 0
0 IMG_0275.JPG 1423951899 0 0
0 IMG_0277.JPG 1423951968 0 0
0 IMG_0278.JPG 1423952688 0 0
0 IMG_0279.JPG 1423952691 0 0
0 IMG_0280.JPG 1423952693 0 0
0 IMG_0281.JPG 1423952694 0 0
0 IMG_0282.JPG 1423952695 0 0
0 IMG_0283.JPG 1423952699 0 0
0 IMG_0287.JPG 1423952884 0 0
0 IMG_0288.JPG 1423952900 0 0
0 IMG_0289.JPG 1423952955 0 0
0 IMG_0290.JPG 1423952979 0 0
0 IMG_0291.JPG 1423953003 0 0
0 IMG_0292.JPG 1423953285 0 0
0 IMG_0293.JPG 1423953293 0 0
0 IMG_0294.JPG 1423953295 0 0
0 IMG_0295.JPG 1423968275 0 0
0 IMG_0296.JPG 1423968281 0 0
0 IMG_0297.JPG 1423968283 0 0
0 IMG_0298.JPG 1423968284 0 0
0 IMG_0299.JPG 1423968285 0 0
0 IMG_0300.JPG 1423968331 0 0
0 IMG_0301.JPG 1423968335 0 0
0 IMG_0302.JPG 1423968335 0 0
0 IMG_0303.JPG 1423970118 0 0
0 IMG_0304.JPG 1423971919 0 0
0 IMG_0305.JPG 1423971930 0 0
0 IMG_0306.JPG 1423972000 0 0
0 IMG_0307.JPG 1423972052 0 0
0 IMG_0308.JPG 1423972073 0 0
0 IMG_0309.JPG 1423972162 0 0
0 IMG_0310.JPG 1423972173 0 0
0 IMG_0311.JPG 1423972231 0 0
0 IMG_0312.JPG 1423972232 0 0
0 IMG_0313.JPG 1423972233 0 0
0 IMG_0314.JPG 1423975476 0 0
0 IMG_0315.JPG 1423975640 0 0
0 IMG_0316.JPG 1423977171 0 0
0 IMG_0317.JPG 1423977174 0 0
0 IMG_0318.JPG 1423977183 0 0
0 IMG_0319.JPG 1423981570 0 0
0 IMG_0320.JPG 1423981573 0 0
1 IMG_0321.JPG 1424034397 0 0
0 IMG_0322.JPG 1424034398 0 0
0 IMG_0323.JPG 1424034402 0 0
0 IMG_0324.JPG 1424034403 0 0
0 IMG_0325.JPG 1424034404 0 0
0 IMG_0326.JPG 1424034404 0 0
0 IMG_0327.JPG 1424036038 0 0
0 IMG_0328.JPG 1424036039 0 0
0 IMG_0329.JPG 1424036041 0 0
0 IMG_0330.JPG 1424036042 0 0
0 IMG_0331.JPG 1424036044 0 0
0 IMG_0332.JPG 1424036044 0 0
0 IMG_0333.JPG 1424036047 0 0
0 IMG_0334.JPG 1424036048 0 0
0 IMG_0335.JPG 1424037706 0 0
0 IMG_0336.JPG 1424037706 0 0
1 IMG_0341.JPG 1424314221 0 0
1 IMG_0342.JPG 1424637230 0 0
0 IMG_0343.JPG 1424637231 0 0
0 IMG_0344.JPG 1424637232 0 0
0 IMG_0345.JPG 1424637233 0 0
0 IMG_0346.JPG 1424637234 0 0
0 IMG_0347.JPG 1424637235 0 0
0 IMG_0348.JPG 1424642159 0 0
0 IMG_0349.JPG 1424642161 0 0
0 IMG_0350.JPG 1424642162 0 0
0 IMG_0351.JPG 1424642164 0 0
0 IMG_0352.JPG 1424642174 0 0
0 IMG_0353.JPG 1424642236 0 0
0 IMG_0354.JPG 1424642238 0 0
0 IMG_0355.JPG 1424642641 0 0
0 IMG_0356.JPG 1424642652 0 0
0 IMG_0357.JPG 1424642665 0 0
0 IMG_0358.JPG 1424642919 0 0
0 IMG_0359.JPG 1424642920 0 0
0 IMG_0360.JPG 1424642927 0 0
1 IMG_0361.JPG 1424802001 0 0
0 IMG_0362.JPG 1424802006 0 0
0 IMG_0363.JPG 1424802610 0 0
1 IMG_0373.JPG 1424932205 0 0
0 IMG_0374.JPG 1424932211 0 0
0 IMG_0375.JPG 1424934290 0 0
0 IMG_0376.JPG 1424934306 0 0
0 IMG_0377.JPG 1424934310 0 0
1 IMG_0379.JPG 1425069343 0 0
1 IMG_0380.JPG 1425232251 0 0
0 IMG_0381.JPG 1425232252 0 0
0 IMG_0382.JPG 1425232318 0 0
0 IMG_0383.JPG 1425232319 0 0
0 IMG_0384.JPG 1425232326 0 0
0 IMG_0385.JPG 1425232330 0 0
0 IMG_0386.JPG 1425232337 0 0
0 IMG_0387.JPG 1425232749 0 0
0 IMG_0390.JPG 1425233366 0 0
0 IMG_0391.JPG 1425233368 0 0
0 IMG_0392.JPG 1425233985 0 0
0 IMG_0393.JPG 1425233997 0 0
0 IMG_0394.JPG 1425234071 0 0
0 IMG_0395.JPG 1425234073 0 0
0 IMG_0396.JPG 1425234075 0 0
0 IMG_0397.JPG 1425234077 0 0
0 IMG_0398.JPG 1425234085 0 0
0 IMG_0399.JPG 1425234090 0 0
1 IMG_0400.JPG 1425356717 0 0
0 IMG_0401.JPG 1425356721 0 0
0 IMG_0402.JPG 1425361436 0 0
0 IMG_0403.JPG 1425361449 0 0
0 IMG_0404.JPG 1425361453 0 0
0 IMG_0405.JPG 1425361461 0 0
0 IMG_0406.JPG 1425361462 0 0
0 IMG_0407.JPG 1425361463 0 0
0 IMG_0408.JPG 1425361488 0 0
0 IMG_0409.JPG 1425361494 0 0
0 IMG_0410.JPG 1425361495 0 0
1 IMG_0411.JPG 1425787069 0 0
0 IMG_0412.JPG 1425787071 0 0
0 IMG_0413.JPG 1425787073 0 0
0 IMG_0414.JPG 1425787076 0 0
0 IMG_0415.JPG 1425791920 0 0
0 IMG_0416.JPG 1425791922 0 0
0 IMG_0417.JPG 1425791924 0 0
0 IMG_0418.JPG 1425791925 0 0
1 IMG_0419.JPG 1425877668 0 0
0 IMG_0420.JPG 1425877678 0 0
0 IMG_0421.JPG 1425877687 0 0
0 IMG_0422.JPG 1425877691 0 0
0 IMG_0423.JPG 1425877742 0 0
0 IMG_0424.JPG 1425877750 0 0
0 IMG_0425.JPG 1425877766 0 0
0 IMG_0426.JPG 1425877777 0 0
0 IMG_0427.JPG 1425877785 0 0
0 IMG_0428.JPG 1425877796 0 0
0 IMG_0429.JPG 1425877837 0 0
0 IMG_0430.JPG 1425877844 0 0
0 IMG_0431.JPG 1425877852 0 0
0 IMG_0432.JPG 1425877861 0 0
0 IMG_0433.JPG 1425877869 0 0
0 IMG_0434.JPG 1425877883 0 0
0 IMG_0435.JPG 1425877891 0 0
0 IMG_0436.JPG 1425877908 0 0
0 IMG_0437.JPG 1425877923 0 0
0 IMG_0438.JPG 1425877932 0 0
1 IMG_0439.JPG 1425967292 0 0
1 IMG_0441.JPG 1426047526 0 0
0 IMG_0442.JPG 1426047533 0 0
1 IMG_0443.JPG 1426097072 0 0
0 IMG_0444.JPG 1426097077 0 0
0 IMG_0445.JPG 1426097080 0 0
1 IMG_0448.JPG 1426184940 0 0
0 IMG_0449.JPG 1426188822 0 0
0 IMG_0450.JPG 1426190737 0 0
0 IMG_0451.JPG 1426190752 0 0
0 IMG_0452.JPG 1426195725 0 0
0 IMG_0453.JPG 1426195727 0 0
0 IMG_0454.JPG 1426195728 0 0
0 IMG_0455.JPG 1426195729 0 0
0 IMG_0456.JPG 1426196074 0 0
0 IMG_0457.JPG 1426196077 0 0
0 IMG_0458.JPG 1426196083 0 0
0 IMG_0459.JPG 1426196090 0 0
0 IMG_0460.JPG 1426196093 0 0
0 IMG_0461.JPG 1426196425 0 0
0 IMG_0462.JPG 1426196431 0 0
0 IMG_0463.JPG 1426196436 0 0
0 IMG_0464.JPG 1426196946 0 0
1 IMG_0465.JPG 1426273659 0 0
0 IMG_0466.JPG 1426273665 0 0
0 IMG_0467.JPG 1426276231 0 0
0 IMG_0468.JPG 1426276232 0 0
0 IMG_0469.JPG 1426276244 0 0
0 IMG_0470.JPG 1426276246 0 0
0 IMG_0471.JPG 1426276289 0 0
0 IMG_0472.JPG 1426276302 0 0
0 IMG_0473.JPG 1426276303 0 0
0 IMG_0474.JPG 1426276335 0 0
0 IMG_0475.JPG 1426277321 0 0
0 IMG_0476.JPG 1426277321 0 0
0 IMG_0477.JPG 1426284992 0 0
0 IMG_0478.JPG 1426284996 0 0
0 IMG_0479.JPG 1426287754 0 0
0 IMG_0480.JPG 1426287794 0 0
0 IMG_0481.JPG 1426287806 0 0
1 IMG_0482.JPG 1426304513 0 0
0 IMG_0483.JPG 1426304544 0 0
0 IMG_0484.JPG 1426304567 0 0
1 IMG_0485.JPG 1426367081 0 0
0 IMG_0486.JPG 1426367088 0 0
0 IMG_0487.JPG 1426367210 0 0
0 IMG_0488.JPG 1426367216 0 0
0 IMG_0490.JPG 1426367238 0 0
0 IMG_0491.JPG 1426367239 0 0
0 IMG_0494.JPG 1426367351 0 0
0 IMG_0495.JPG 1426369581 0 0
0 IMG_0496.JPG 1426369584 0 0
0 IMG_0497.JPG 1426370784 0 0
0 IMG_0498.JPG 1426371393 0 0
0 IMG_0499.JPG 1426371831 0 0
0 IMG_0500.JPG 1426377850 0 0
0 IMG_0501.JPG 1426377850 0 0
0 IMG_0502.JPG 1426378214 0 0
1 IMG_0573.JPG 1426393631 0 0
0 IMG_0575.JPG 1426395249 0 0
0 IMG_0566.JPG 1426401479 0 0
0 IMG_0574.JPG 1426401531 0 0
1 IMG_0503.JPG 1426444415 0 0
0 IMG_0504.JPG 1426444417 0 0
0 IMG_0505.JPG 1426444435 0 0
0 IMG_0506.JPG 1426444436 0 0
0 IMG_0507.JPG 1426444437 0 0
0 IMG_0508.JPG 1426444438 0 0
0 IMG_0509.JPG 1426452929 0 0
0 IMG_0510.JPG 1426452933 0 0
0 IMG_0511.JPG 1426452976 0 0
0 IMG_0512.JPG 1426452978 0 0
0 IMG_0513.JPG 1426452979 0 0
0 IMG_0514.JPG 1426453136 0 0
0 IMG_0515.JPG 1426453280 0 0
0 IMG_0516.JPG 1426453287 0 0
0 IMG_0517.JPG 1426453304 0 0
0 IMG_0518.JPG 1426453307 0 0
0 IMG_0519.JPG 1426453309 0 0
0 IMG_0520.JPG 1426456142 0 0
0 IMG_0521.JPG 1426456176 0 0
0 IMG_0522.JPG 1426456180 0 0
0 IMG_0523.JPG 1426456343 0 0
0 IMG_0524.JPG 1426456344 0 0
0 IMG_0525.JPG 1426456345 0 0
0 IMG_0526.JPG 1426457201 0 0
0 IMG_0527.JPG 1426457202 0 0
0 IMG_0528.JPG 1426457209 0 0
0 IMG_0529.JPG 1426457440 0 0
0 IMG_0530.JPG 1426457443 0 0
0 IMG_0532.JPG 1426457468 0 0
0 IMG_0533.JPG 1426457475 0 0
0 IMG_0534.JPG 1426457477 0 0
0 IMG_0535.JPG 1426457521 0 0
0 IMG_0536.JPG 1426457579 0 0
0 IMG_0537.JPG 1426457581 0 0
0 IMG_0538.JPG 1426458559 0 0
0 IMG_0539.JPG 1426458562 0 0
0 IMG_0540.JPG 1426458579 0 0
0 IMG_0541.JPG 1426458580 0 0
0 IMG_0542.JPG 1426458580 0 0
0 IMG_0543.JPG 1426458725 0 0
0 IMG_0544.JPG 1426458850 0 0
0 IMG_0545.JPG 1426458853 0 0
0 IMG_0546.JPG 1426458856 0 0
0 IMG_0547.JPG 1426458860 0 0
0 IMG_0548.JPG 1426461095 0 0
0 IMG_0549.JPG 1426461097 0 0
0 IMG_0550.JPG 1426461192 0 0
0 IMG_0551.JPG 1426461196 0 0
0 IMG_0552.JPG 1426469665 0 0
0 IMG_0553.JPG 1426469667 0 0
0 IMG_0554.JPG 1426469673 0 0
0 IMG_0555.JPG 1426469674 0 0
0 IMG_0556.JPG 1426469678 0 0
0 IMG_0557.JPG 1426469680 0 0
1 IMG_0558.JPG 1426485651 0 0
0 IMG_0559.JPG 1426485653 0 0
0 IMG_0560.JPG 1426485654 0 0
0 IMG_0567.JPG 1426502047 0 0
0 IMG_0568.JPG 1426502057 0 0
1 IMG_0570.JPG 1426527892 0 0
0 IMG_0571.JPG 1426527894 0 0
0 IMG_0572.JPG 1426528034 0 0
1 IMG_0576.JPG 1426643263 0 0
0 IMG_0577.JPG 1426643269 0 0
0 IMG_0579.JPG 1426645453 0 0
0 IMG_0581.JPG 1426650237 0 0
0 IMG_0582.JPG 1426659755 0 0
0 IMG_0583.JPG 1426659764 0 0
0 IMG_0584.JPG 1426659765 0 0
1 IMG_0588.JPG 1426781253 0 0
0 IMG_0589.JPG 1426781258 0 0
0 IMG_0590.JPG 1426781262 0 0
1 IMG_0591.JPG 1426815103 0 0
0 IMG_0592.JPG 1426815107 0 0
0 IMG_0593.JPG 1426815108 0 0
0 IMG_0594.JPG 1426815109 0 0
0 IMG_0595.JPG 1426815111 0 0
0 IMG_0596.JPG 1426815115 0 0
0 IMG_0597.JPG 1426815117 0 0
0 IMG_0601.JPG 1426820621 0 0
0 IMG_0603.JPG 1426821021 0 0
1 IMG_0606.JPG 1426872491 0 0
0 IMG_0608.JPG 1426874790 0 0
0 IMG_0609.JPG 1426874791 0 0
0 IMG_0610.JPG 1426874792 0 0
0 IMG_0611.JPG 1426874793 0 0
0 IMG_0612.JPG 1426887150 0 0
0 IMG_0613.JPG 1426887153 0 0
0 IMG_0614.JPG 1426887158 0 0
0 IMG_0615.JPG 1426887166 0 0
0 IMG_0616.JPG 1426887298 0 0
0 IMG_0617.JPG 1426887307 0 0
0 IMG_0618.JPG 1426887395 0 0
0 IMG_0619.JPG 1426887400 0 0
0 IMG_0620.JPG 1426887407 0 0
0 IMG_0621.JPG 1426887408 0 0
0 IMG_0622.JPG 1426887409 0 0
0 IMG_0623.JPG 1426887410 0 0
0 IMG_0624.JPG 1426892250 0 0
0 IMG_0625.JPG 1426896861 0 0
0 IMG_0626.JPG 1426896862 0 0
0 IMG_0627.JPG 1426896863 0 0
0 IMG_0628.JPG 1426896863 0 0
0 IMG_0629.JPG 1426896866 0 0
0 IMG_0630.JPG 1426896867 0 0
0 IMG_0631.JPG 1426896868 0 0
0 IMG_0632.JPG 1426896868 0 0
1 IMG_0634.JPG 1426909289 0 0
0 IMG_0635.JPG 1426909292 0 0
0 IMG_0636.JPG 1426911677 0 0
0 IMG_0637.JPG 1426911680 0 0
0 IMG_0638.JPG 1426911687 0 0
0 IMG_0639.JPG 1426911932 0 0
0 IMG_0640.JPG 1426914556 0 0
0 IMG_0641.JPG 1426914559 0 0
0 IMG_0642.JPG 1426914560 0 0
0 IMG_0643.JPG 1426914560 0 0
0 IMG_0644.JPG 1426914562 0 0
0 IMG_0646.JPG 1426918716 0 0
0 IMG_0647.JPG 1426918725 0 0
0 IMG_0648.JPG 1426918729 0 0
0 IMG_0649.JPG 1426918730 0 0
1 IMG_0650.JPG 1426980772 0 0
0 IMG_0651.JPG 1426980778 0 0
0 IMG_0652.JPG 1426980785 0 0
0 IMG_0653.JPG 1426985403 0 0
0 IMG_0654.JPG 1426993165 0 0
0 IMG_0655.JPG 1426993176 0 0
0 IMG_0656.JPG 1426993178 0 0
0 IMG_0657.JPG 1426993179 0 0
0 IMG_0658.JPG 1426993180 0 0
0 IMG_0659.JPG 1426993181 0 0
0 IMG_0660.JPG 1426993238 0 0
1 IMG_0661.JPG 1427044285 0 0
0 IMG_0662.JPG 1427044286 0 0
0 IMG_0663.JPG 1427044288 0 0
0 IMG_0664.JPG 1427044289 0 0
0 IMG_0665.JPG 1427044292 0 0
1 IMG_0666.JPG 1427074722 0 0
0 IMG_0667.JPG 1427074744 0 0
0 IMG_0668.JPG 1427074767 0 0
0 IMG_0669.JPG 1427087544 0 0
0 IMG_0670.JPG 1427087547 0 0
0 IMG_0671.JPG 1427087559 0 0
0 IMG_0672.JPG 1427087700 0 0
0 IMG_0673.JPG 1427087706 0 0
0 IMG_0674.JPG 1427087707 0 0
0 IMG_0675.JPG 1427087711 0 0
1 IMG_0680.JPG 1427161416 0 0
0 IMG_0681.JPG 1427161417 0 0
0 IMG_0683.JPG 1427161419 0 0
0 IMG_0684.JPG 1427161420 0 0
0 IMG_0687.JPG 1427166815 0 0
0 IMG_0688.JPG 1427166818 0 0
0 IMG_0690.JPG 1427174635 0 0
1 IMG_0692.JPG 1427348269 0 0
1 IMG_0697.JPG 1427419995 0 0
0 IMG_0698.JPG 1427419996 0 0
0 IMG_0699.JPG 1427419997 0 0
0 IMG_0700.JPG 1427420004 0 0
0 IMG_0701.JPG 1427420006 0 0
0 IMG_0702.JPG 1427420008 0 0
0 IMG_0703.JPG 1427420266 0 0
0 IMG_0704.JPG 1427420269 0 0
0 IMG_0705.JPG 1427420275 0 0
1 IMG_0707.JPG 1427518627 0 0
0 IMG_0708.JPG 1427518645 0 0
0 IMG_0709.JPG 1427518652 0 0
0 IMG_0710.JPG 1427519343 0 0
0 IMG_0711.JPG 1427519351 0 0
0 IMG_0712.JPG 1427519353 0 0
0 IMG_0713.JPG 1427527598 0 0
0 IMG_0714.JPG 1427528860 0 0
0 IMG_0715.JPG 1427528885 0 0
0 IMG_0716.JPG 1427528922 0 0
0 IMG_0717.JPG 1427528924 0 0
0 IMG_0718.JPG 1427528927 0 0
0 IMG_0719.JPG 1427528928 0 0
0 IMG_0720.JPG 1427529149 0 0
1 IMG_0721.JPG 1427563205 0 0
0 IMG_0722.JPG 1427563207 0 0
1 IMG_0724.JPG 1427592551 0 0
0 IMG_0725.JPG 1427600807 0 0
0 IMG_0726.JPG 1427600809 0 0
1 IMG_0727.JPG 1427697766 0 0
0 IMG_0728.JPG 1427697771 0 0
0 IMG_0729.JPG 1427697773 0 0
1 IMG_0730.JPG 1427776098 0 0
0 IMG_0731.JPG 1427776103 0 0
0 IMG_0732.JPG 1427776107 0 0
0 IMG_0733.JPG 1427776109 0 0
0 IMG_0734.JPG 1427776261 0 0
1 IMG_0735.JPG 1427867714 0 0
0 IMG_0736.JPG 1427867718 0 0
1 IMG_0737.JPG 1427957893 0 0
0 IMG_0738.JPG 1427957899 0 0
1 IMG_0739.JPG 1428025456 0 0
0 IMG_0741.JPG 1428040830 0 0
0 IMG_0742.JPG 1428040832 0 0
0 IMG_0743.JPG 1428040832 0 0
0 IMG_0744.JPG 1428040835 0 0
0 IMG_0745.JPG 1428040838 0 0
0 IMG_0746.JPG 1428040840 0 0
0 IMG_0747.JPG 1428040841 0 0
0 IMG_0748.JPG 1428040842 0 0
0 IMG_0749.JPG 1428040885 0 0
0 IMG_0750.JPG 1428040887 0 0
0 IMG_0751.JPG 1428040888 0 0
0 IMG_0752.JPG 1428040890 0 0
0 IMG_0753.JPG 1428040893 0 0
0 IMG_0754.JPG 1428040894 0 0
0 IMG_0755.JPG 1428040897 0 0
0 IMG_0756.JPG 1428041129 0 0
0 IMG_0757.JPG 1428041183 0 0
0 IMG_0758.JPG 1428041185 0 0
0 IMG_0759.JPG 1428041188 0 0
0 IMG_0760.JPG 1428048141 0 0
1 IMG_0761.JPG 1428060216 0 0
0 IMG_0762.JPG 1428060218 0 0
0 IMG_0763.JPG 1428060221 0 0
0 IMG_0764.JPG 1428060224 0 0
0 IMG_0765.JPG 1428060230 0 0
0 IMG_0766.JPG 1428060234 0 0
0 IMG_0767.JPG 1428064728 0 0
1 IMG_0768.JPG 1428095266 0 0
0 IMG_0769.JPG 1428095273 0 0
0 IMG_0770.JPG 1428113170 0 0
0 IMG_0771.JPG 1428113171 0 0
0 IMG_0772.JPG 1428113172 0 0
0 IMG_0773.JPG 1428113437 0 0
0 IMG_0774.JPG 1428113437 0 0
0 IMG_0775.JPG 1428113438 0 0
0 IMG_0776.JPG 1428114235 0 0
0 IMG_0777.JPG 1428115207 0 0
0 IMG_0778.JPG 1428115211 0 0
0 IMG_0779.JPG 1428115211 0 0
0 IMG_0780.JPG 1428115240 0 0
0 IMG_0781.JPG 1428117477 0 0
0 IMG_0782.JPG 1428117479 0 0
0 IMG_0783.JPG 1428117481 0 0
0 IMG_0784.JPG 1428117482 0 0
0 IMG_0785.JPG 1428117483 0 0
0 IMG_0786.JPG 1428117484 0 0
0 IMG_0787.JPG 1428117485 0 0
0 IMG_0788.JPG 1428117486 0 0
0 IMG_0789.JPG 1428117488 0 0
0 IMG_0790.JPG 1428119332 0 0
0 IMG_0791.JPG 1428119333 0 0
0 IMG_0792.JPG 1428119335 0 0
0 IMG_0793.JPG 1428119337 0 0
0 IMG_0794.JPG 1428119351 0 0
0 IMG_0795.JPG 1428119354 0 0
0 IMG_0796.JPG 1428119444 0 0
0 IMG_0797.JPG 1428119446 0 0
0 IMG_0798.JPG 1428119449 0 0
0 IMG_0799.JPG 1428119456 0 0
0 IMG_0800.JPG 1428119459 0 0
0 IMG_0801.JPG 1428119828 0 0
0 IMG_0802.JPG 1428119829 0 0
0 IMG_0803.JPG 1428119830 0 0
0 IMG_0804.JPG 1428119834 0 0
0 IMG_0805.JPG 1428119837 0 0
0 IMG_0806.JPG 1428119839 0 0
1 IMG_0807.JPG 1428176688 0 0
1 IMG_0808.JPG 1428212357 0 0
0 IMG_0809.JPG 1428212363 0 0
0 IMG_0810.JPG 1428212376 0 0
0 IMG_0811.JPG 1428212379 0 0
1 IMG_0813.JPG 1428276841 0 0
0 IMG_0814.JPG 1428276842 0 0
0 IMG_0815.JPG 1428276867 0 0
0 IMG_0816.JPG 1428276878 0 0
0 IMG_0817.JPG 1428276880 0 0
0 IMG_0818.JPG 1428276957 0 0
0 IMG_0819.JPG 1428278169 0 0
0 IMG_0820.JPG 1428278172 0 0
0 IMG_0821.JPG 1428278173 0 0
0 IMG_0822.JPG 1428278175 0 0
0 IMG_0823.JPG 1428284958 0 0
0 IMG_0824.JPG 1428284959 0 0
0 IMG_0825.JPG 1428284966 0 0
0 IMG_0826.JPG 1428284967 0 0
1 IMG_0827.JPG 1428372126 0 0
0 IMG_0828.JPG 1428372132 0 0
0 IMG_0829.JPG 1428372323 0 0
0 IMG_0830.JPG 1428372327 0 0
0 IMG_0831.JPG 1428372347 0 0
0 IMG_0832.JPG 1428372604 0 0
0 IMG_0833.JPG 1428372607 0 0
1 IMG_0834.JPG 1428425448 0 0
0 IMG_0835.JPG 1428425451 0 0
1 IMG_0836.JPG 1428462846 0 0
0 IMG_0837.JPG 1428462859 0 0
0 IMG_0838.JPG 1428462870 0 0
0 IMG_0839.JPG 1428462884 0 0
1 IMG_0840.JPG 1428676897 0 0
0 IMG_0841.JPG 1428676906 0 0
0 IMG_0842.JPG 1428676909 0 0
0 IMG_0843.JPG 1428676913 0 0
1 IMG_0844.JPG 1428706343 0 0
0 IMG_0845.JPG 1428706348 0 0
0 IMG_0846.JPG 1428707638 0 0
0 IMG_0847.JPG 1428707660 0 0
0 IMG_0848.JPG 1428714179 0 0
1 IMG_0849.JPG 1428789939 0 0
0 IMG_0850.JPG 1428789941 0 0
0 IMG_0851.JPG 1428790955 0 0
0 IMG_0852.JPG 1428792284 0 0
0 IMG_0853.JPG 1428792286 0 0
1 IMG_0857.JPG 1428878629 0 0
1 IMG_0858.JPG 1428900629 0 0
0 IMG_0859.JPG 1428900636 0 0
1 IMG_0860.JPG 1429196282 0 0
0 IMG_0861.JPG 1429196286 0 0
0 IMG_0862.JPG 1429198742 0 0
0 IMG_0863.JPG 1429198745 0 0
0 IMG_0864.JPG 1429198748 0 0
0 IMG_0865.JPG 1429198750 0 0
0 IMG_0866.JPG 1429199723 0 0
1 IMG_0870.JPG 1429380944 0 0
0 IMG_0871.JPG 1429380944 0 0
0 IMG_0872.JPG 1429380947 0 0
0 IMG_0873.JPG 1429380948 0 0
0 IMG_0874.JPG 1429384325 0 0
0 IMG_0875.JPG 1429384332 0 0
0 IMG_0876.JPG 1429385038 0 0
0 IMG_0877.JPG 1429385039 0 0
0 IMG_0878.JPG 1429385042 0 0
0 IMG_0879.JPG 1429401006 0 0
0 IMG_0880.JPG 1429401009 0 0
1 IMG_0881.JPG 1429419427 0 0
0 IMG_0882.JPG 1429419428 0 0
1 IMG_0883.JPG 1429495536 0 0
0 IMG_0884.JPG 1429495542 0 0
0 IMG_0885.JPG 1429495545 0 0
0 IMG_0886.JPG 1429495776 0 0
0 IMG_0887.JPG 1429495924 0 0
0 IMG_0888.JPG 1429495928 0 0
0 IMG_0889.JPG 1429495930 0 0
0 IMG_0890.JPG 1429495942 0 0
0 IMG_0891.JPG 1429495945 0 0
1 IMG_0892.JPG 1429744611 0 0
0 IMG_0893.JPG 1429744614 0 0
0 IMG_0894.JPG 1429746156 0 0
0 IMG_0895.JPG 1429746157 0 0
0 IMG_0896.JPG 1429746159 0 0
0 IMG_0897.JPG 1429746160 0 0
0 IMG_0898.JPG 1429760825 0 0
1 IMG_0899.JPG 1429845346 0 0
1 IMG_0900.JPG 1429982885 0 0
0 IMG_0901.JPG 1429982886 0 0
1 IMG_0906.JPG 1430070106 0 0
0 IMG_0907.JPG 1430070113 0 0
0 IMG_0908.JPG 1430079285 0 0
0 IMG_0909.JPG 1430079295 0 0
0 IMG_0910.JPG 1430079295 0 0
0 IMG_0911.JPG 1430079300 0 0
0 IMG_0912.JPG 1430079305 0 0
0 IMG_0913.JPG 1430079310 0 0
0 IMG_0914.JPG 1430079314 0 0
0 IMG_0915.JPG 1430081011 0 0
0 IMG_0916.JPG 1430081015 0 0
0 IMG_0917.JPG 1430081015 0 0
0 IMG_0918.JPG 1430081017 0 0
0 IMG_0919.JPG 1430081017 0 0
0 IMG_0920.JPG 1430081440 0 0
0 IMG_0921.JPG 1430081441 0 0
0 IMG_0922.JPG 1430081443 0 0
0 IMG_0923.JPG 1430081445 0 0
0 IMG_0924.JPG 1430081578 0 0
0 IMG_0925.JPG 1430081579 0 0
0 IMG_0926.JPG 1430081581 0 0
0 IMG_0927.JPG 1430081582 0 0
0 IMG_0928.JPG 1430081583 0 0
0 IMG_0929.JPG 1430081583 0 0
0 IMG_0930.JPG 1430081675 0 0
0 IMG_0931.JPG 1430081676 0 0
0 IMG_0932.JPG 1430081771 0 0
0 IMG_0933.JPG 1430089590 0 0
0 IMG_0934.JPG 1430089600 0 0
0 IMG_0935.JPG 1430089601 0 0
0 IMG_0936.JPG 1430090233 0 0
0 IMG_0937.JPG 1430090242 0 0
0 IMG_0938.JPG 1430090256 0 0
0 IMG_0939.JPG 1430090258 0 0
0 IMG_0940.JPG 1430090372 0 0
0 IMG_0941.JPG 1430090381 0 0
0 IMG_0942.JPG 1430090428 0 0
0 IMG_0943.JPG 1430090479 0 0
0 IMG_0944.JPG 1430090483 0 0
0 IMG_0945.JPG 1430090484 0 0
1 IMG_0946.JPG 1430111363 0 0
0 IMG_0947.JPG 1430111364 0 0
0 IMG_0948.JPG 1430111364 0 0
0 IMG_0950.JPG 1430111489 0 0
0 IMG_0951.JPG 1430111491 0 0
0 IMG_0952.JPG 1430111494 0 0
0 IMG_0953.JPG 1430111497 0 0
1 IMG_0954.JPG 1430274195 0 0
0 IMG_0955.JPG 1430274196 0 0
0 IMG_0956.JPG 1430274198 0 0
0 IMG_0957.JPG 1430274201 0 0
1 IMG_0958.JPG 1430332899 0 0
1 IMG_0959.JPG 1430360931 0 0
0 IMG_0960.JPG 1430360936 0 0
0 IMG_0961.JPG 1430360938 0 0
0 IMG_0962.JPG 1430360938 0 0
1 IMG_0963.JPG 1430443835 0 0
0 IMG_0964.JPG 1430443844 0 0
0 IMG_0965.JPG 1430443849 0 0
0 IMG_0966.JPG 1430461593 0 0
0 IMG_0967.JPG 1430461594 0 0
1 IMG_0972.JPG 1430511341 0 0
0 IMG_0973.JPG 1430511342 0 0
0 IMG_0974.JPG 1430511343 0 0
0 IMG_0975.JPG 1430511352 0 0
0 IMG_0976.JPG 1430511401 0 0
0 IMG_0977.JPG 1430511404 0 0
1 IMG_0978.JPG 1430574929 0 0
0 IMG_0979.JPG 1430574931 0 0
1 IMG_0980.JPG 1430611447 0 0
0 IMG_0981.JPG 1430611448 0 0
0 IMG_0982.JPG 1430611463 0 0
1 IMG_0983.JPG 1430671839 0 0
0 IMG_0984.JPG 1430671840 0 0
0 IMG_0985.JPG 1430671842 0 0
0 IMG_0986.JPG 1430672290 0 0
0 IMG_0987.JPG 1430672292 0 0
0 IMG_0988.JPG 1430672316 0 0
0 IMG_0989.JPG 1430672317 0 0
0 IMG_0993.JPG 1430678056 0 0
0 IMG_0994.JPG 1430678891 0 0
1 IMG_0995.JPG 1430694068 0 0
0 IMG_0996.JPG 1430694069 0 0
0 IMG_0997.JPG 1430694071 0 0
0 IMG_0998.JPG 1430694071 0 0
0 IMG_0999.JPG 1430694073 0 0
0 IMG_1001.JPG 1430694074 0 0
0 IMG_1002.JPG 1430694077 0 0
0 IMG_1003.JPG 1430694077 0 0
0 IMG_1004.JPG 1430694078 0 0
0 IMG_1005.JPG 1430694078 0 0
0 IMG_1006.JPG 1430694555 0 0
0 IMG_1007.JPG 1430694557 0 0
0 IMG_1008.JPG 1430694881 0 0
0 IMG_1009.JPG 1430694882 0 0
0 IMG_1010.JPG 1430694973 0 0
0 IMG_1011.JPG 1430694974 0 0
0 IMG_1012.JPG 1430694978 0 0
0 IMG_1013.JPG 1430694982 0 0
0 IMG_1014.JPG 1430694989 0 0
0 IMG_1015.JPG 1430694990 0 0
0 IMG_1016.JPG 1430694993 0 0
0 IMG_1017.JPG 1430695091 0 0
0 IMG_1018.JPG 1430695093 0 0
0 IMG_1019.JPG 1430695094 0 0
0 IMG_1020.JPG 1430695095 0 0
0 IMG_1021.JPG 1430695095 0 0
1 IMG_1022.JPG 1430839301 0 0
1 IMG_1025.JPG 1430876501 0 0
0 IMG_1026.JPG 1430876524 0 0
0 IMG_1027.JPG 1430876539 0 0
1 IMG_1028.JPG 1430890632 0 0
0 IMG_1029.JPG 1430890635 0 0
0 IMG_1030.JPG 1430890641 0 0
1 IMG_1033.JPG 1430954918 0 0
0 IMG_1034.JPG 1430954919 0 0
0 IMG_1035.JPG 1430954920 0 0
1 IMG_1036.JPG 1431132760 0 0
0 IMG_1037.JPG 1431135719 0 0
0 IMG_1038.JPG 1431135721 0 0
0 IMG_1039.JPG 1431135723 0 0
0 IMG_1040.JPG 1431145647 0 0
0 IMG_1041.JPG 1431145772 0 0
0 IMG_1042.JPG 1431145788 0 0
1 IMG_1043.JPG 1431229465 0 0
1 IMG_1044.JPG 1431280414 0 0
0 IMG_1045.JPG 1431280416 0 0
0 IMG_1046.JPG 1431280417 0 0
0 IMG_1048.JPG 1431289376 0 0
0 IMG_1049.JPG 1431289378 0 0
0 IMG_1050.JPG 1431289402 0 0
0 IMG_1051.JPG 1431289521 0 0
1 IMG_1052.JPG 1431325017 0 0
0 IMG_1053.JPG 1431325025 0 0
1 IMG_1054.JPG 1431395450 0 0
0 IMG_1056.JPG 1431395457 0 0
1 IMG_1059.JPG 1431657450 0 0
1 IMG_1060.JPG 1431734318 0 0
1 IMG_1061.JPG 1431825162 0 0
0 IMG_1062.JPG 1431825162 0 0
0 IMG_1063.JPG 1431825173 0 0
0 IMG_1064.JPG 1431825174 0 0
0 IMG_1065.JPG 1431825175 0 0
0 IMG_1066.JPG 1431825176 0 0
0 IMG_1067.JPG 1431825178 0 0
0 IMG_1068.JPG 1431825178 0 0
0 IMG_1069.JPG 1431825180 0 0
0 IMG_1070.JPG 1431825180 0 0
0 IMG_1071.JPG 1431825181 0 0
0 IMG_1072.JPG 1431825182 0 0
0 IMG_1073.JPG 1431825827 0 0
0 IMG_1074.JPG 1431828130 0 0
0 IMG_1075.JPG 1431828132 0 0
0 IMG_1076.JPG 1431844753 0 0
1 IMG_1077.JPG 1431883845 0 0
0 IMG_1078.JPG 1431883845 0 0
0 IMG_1079.JPG 1431883846 0 0
0 IMG_1080.JPG 1431883846 0 0
1 IMG_1081.JPG 1432179429 0 0
0 IMG_1082.JPG 1432179744 0 0
0 IMG_1083.JPG 1432179860 0 0
0 IMG_1084.JPG 1432179973 0 0
0 IMG_1085.JPG 1432183647 0 0
0 IMG_1086.JPG 1432187011 0 0
1 IMG_1089.JPG 1432267783 0 0
0 IMG_1090.JPG 1432270473 0 0
1 IMG_1091.JPG 1432357754 0 0
0 IMG_1092.JPG 1432357755 0 0
0 IMG_1093.JPG 1432357757 0 0
0 IMG_1094.JPG 1432362607 0 0
0 IMG_1095.JPG 1432362642 0 0
1 IMG_1096.JPG 1432445178 0 0
1 IMG_1097.JPG 1432483042 0 0
0 IMG_1098.JPG 1432488612 0 0
0 IMG_1099.JPG 1432488614 0 0
0 IMG_1100.JPG 1432488617 0 0
0 IMG_1101.JPG 1432488626 0 0
0 IMG_1103.JPG 1432496332 0 0
1 IMG_1104.JPG 1432519189 0 0
1 IMG_1105.JPG 1432582217 0 0
0 IMG_1106.JPG 1432582219 0 0
0 IMG_1107.JPG 1432582246 0 0
0 IMG_1108.JPG 1432582258 0 0
0 IMG_1109.JPG 1432583275 0 0
0 IMG_1110.JPG 1432583275 0 0
0 IMG_1111.JPG 1432583276 0 0
0 IMG_1112.JPG 1432583277 0 0
0 IMG_1113.JPG 1432583608 0 0
0 IMG_1114.JPG 1432583611 0 0
0 IMG_1115.JPG 1432585859 0 0
0 IMG_1116.JPG 1432585860 0 0
0 IMG_1117.JPG 1432585861 0 0
0 IMG_1118.JPG 1432585979 0 0
0 IMG_1119.JPG 1432585980 0 0
0 IMG_1120.JPG 1432585982 0 0
0 IMG_1121.JPG 1432585991 0 0
1 IMG_1122.JPG 1432690387 0 0
0 IMG_1123.JPG 1432690388 0 0
0 IMG_1124.JPG 1432690389 0 0
0 IMG_1125.JPG 1432690390 0 0
1 IMG_1128.JPG 1432961236 0 0
1 IMG_1130.JPG 1433007137 0 0
0 IMG_1131.JPG 1433007138 0 0
0 IMG_1133.JPG 1433008522 0 0
0 IMG_1134.JPG 1433008523 0 0
0 IMG_1135.JPG 1433008608 0 0
0 IMG_1136.JPG 1433008610 0 0
0 IMG_1137.JPG 1433008612 0 0
0 IMG_1138.JPG 1433013989 0 0
0 IMG_1139.JPG 1433014014 0 0
0 IMG_1140.JPG 1433014054 0 0
0 IMG_1141.JPG 1433014055 0 0
0 IMG_1142.JPG 1433014082 0 0
1 IMG_1143.JPG 1433036473 0 0
0 IMG_1144.JPG 1433043636 0 0
0 IMG_1145.JPG 1433044785 0 0
0 IMG_1146.JPG 1433044787 0 0
1 IMG_1147.JPG 1433100337 0 0
0 IMG_1148.JPG 1433100352 0 0
0 IMG_1149.JPG 1433100356 0 0
0 IMG_1150.JPG 1433100357 0 0
0 IMG_1151.JPG 1433100359 0 0
1 IMG_1152.JPG 1433126470 0 0
0 IMG_1153.JPG 1433126484 0 0
1 IMG_1154.JPG 1433220207 0 0
0 IMG_1155.JPG 1433220209 0 0
0 IMG_1156.JPG 1433220220 0 0
0 IMG_1157.JPG 1433220221 0 0
1 IMG_1158.JPG 1433569346 0 0
0 IMG_1159.JPG 1433569350 0 0
0 IMG_1160.JPG 1433569356 0 0
0 IMG_1161.JPG 1433569358 0 0
0 IMG_1162.JPG 1433569421 0 0
0 IMG_1163.JPG 1433569424 0 0
0 IMG_1164.JPG 1433569427 0 0
1 IMG_1165.JPG 1433686900 0 0
0 IMG_1166.JPG 1433686906 0 0
1 IMG_1167.JPG 1433702930 0 0
0 IMG_1168.JPG 1433702931 0 0
0 IMG_1169.JPG 1433702932 0 0
0 IMG_1170.JPG 1433702932 0 0
0 IMG_1171.JPG 1433719563 0 0
0 IMG_1172.JPG 1433719569 0 0
0 IMG_1173.JPG 1433719570 0 0
1 IMG_1174.JPG 1433856260 0 0
0 IMG_1175.JPG 1433856299 0 0
0 IMG_1176.JPG 1433856422 0 0
0 IMG_1177.JPG 1433856426 0 0
0 IMG_1178.JPG 1433856426 0 0
0 IMG_1179.JPG 1433856427 0 0
0 IMG_1180.JPG 1433861396 0 0
0 IMG_1185.JPG 1433861407 0 0
0 IMG_1188.JPG 1433861534 0 0
1 IMG_1189.JPG 1434089764 0 0
0 IMG_1190.JPG 1434089765 0 0
1 IMG_1191.JPG 1434113149 0 0
0 IMG_1192.JPG 1434113151 0 0
0 IMG_1193.JPG 1434130799 0 0
1 IMG_1194.JPG 1434162682 0 0
0 IMG_1195.JPG 1434162684 0 0
0 IMG_1196.JPG 1434162685 0 0
0 IMG_1197.JPG 1434162686 0 0
0 IMG_1198.JPG 1434162687 0 0
0 IMG_1199.JPG 1434162707 0 0
0 IMG_1200.JPG 1434162707 0 0
0 IMG_1201.JPG 1434164148 0 0
0 IMG_1202.JPG 1434164150 0 0
0 IMG_1203.JPG 1434165292 0 0
0 IMG_1204.JPG 1434165293 0 0
0 IMG_1205.JPG 1434179058 0 0
0 IMG_1206.JPG 1434179063 0 0
0 IMG_1207.JPG 1434179191 0 0
0 IMG_1208.JPG 1434183227 0 0
0 IMG_1209.JPG 1434187978 0 0
0 IMG_1210.JPG 1434187979 0 0
0 IMG_1211.JPG 1434187983 0 0
1 IMG_1212.JPG 1434216159 0 0
0 IMG_1213.JPG 1434220365 0 0
0 IMG_1214.JPG 1434220471 0 0
0 IMG_1215.JPG 1434234318 0 0
0 IMG_1216.JPG 1434234318 0 0
1 IMG_1217.JPG 1434307729 0 0
0 IMG_1218.JPG 1434307733 0 0
0 IMG_1219.JPG 1434307760 0 0
0 IMG_1220.JPG 1434307763 0 0
1 IMG_1225.JPG 1434381442 0 0
0 IMG_1226.JPG 1434399205 0 0
1 IMG_1227.JPG 1434410315 0 0
0 IMG_1228.JPG 1434410316 0 0
0 IMG_1229.JPG 1434410342 0 0
1 IMG_1230.JPG 1434482453 0 0
0 IMG_1231.JPG 1434482458 0 0
0 IMG_1232.JPG 1434482488 0 0
0 IMG_1246.JPG 1434495118 0 0
0 IMG_1248.JPG 1434495120 0 0
0 IMG_1252.JPG 1434495122 0 0
0 IMG_1254.JPG 1434496706 0 0
1 IMG_1258.JPG 1434518643 0 0
1 IMG_1259.JPG 1434549902 0 0
0 IMG_1260.JPG 1434549909 0 0
0 IMG_1261.JPG 1434562061 0 0
0 IMG_1262.JPG 1434562062 0 0
0 IMG_1263.JPG 1434562062 0 0
0 IMG_1264.JPG 1434562062 0 0
0 IMG_1265.JPG 1434562069 0 0
0 IMG_1266.JPG 1434562260 0 0
0 IMG_1267.JPG 1434565286 0 0
1 IMG_1268.JPG 1434689378 0 0
0 IMG_1269.JPG 1434689380 0 0
0 IMG_1270.JPG 1434689381 0 0
0 IMG_1271.JPG 1434689382 0 0
0 IMG_1272.JPG 1434689383 0 0
0 IMG_1273.JPG 1434689383 0 0
0 IMG_1274.JPG 1434689383 0 0
0 IMG_1275.JPG 1434689383 0 0
0 IMG_1276.JPG 1434689383 0 0
0 IMG_1277.JPG 1434689383 0 0
0 IMG_1278.JPG 1434689383 0 0
0 IMG_1279.JPG 1434689385 0 0
0 IMG_1280.JPG 1434689386 0 0
0 IMG_1281.JPG 1434689390 0 0
0 IMG_1282.JPG 1434689391 0 0
0 IMG_1283.JPG 1434689393 0 0
0 IMG_1284.JPG 1434689394 0 0
0 IMG_1285.JPG 1434689395 0 0
0 IMG_1286.JPG 1434689396 0 0
0 IMG_1287.JPG 1434689397 0 0
0 IMG_1288.JPG 1434689398 0 0
0 IMG_1289.JPG 1434689399 0 0
0 IMG_1290.JPG 1434689400 0 0
0 IMG_1291.JPG 1434689693 0 0
0 IMG_1292.JPG 1434689694 0 0
0 IMG_1293.JPG 1434689696 0 0
0 IMG_1294.JPG 1434689720 0 0
0 IMG_1295.JPG 1434689723 0 0
0 IMG_1296.JPG 1434689728 0 0
0 IMG_1297.JPG 1434689729 0 0
0 IMG_1298.JPG 1434689730 0 0
0 IMG_1299.JPG 1434689731 0 0
0 IMG_1300.JPG 1434689732 0 0
0 IMG_1301.JPG 1434689789 0 0
0 IMG_1302.JPG 1434689790 0 0
0 IMG_1303.JPG 1434689791 0 0
0 IMG_1304.JPG 1434689792 0 0
0 IMG_1305.JPG 1434689793 0 0
0 IMG_1306.JPG 1434689793 0 0
0 IMG_1307.JPG 1434689794 0 0
0 IMG_1308.JPG 1434689795 0 0
0 IMG_1309.JPG 1434689795 0 0
0 IMG_1310.JPG 1434689796 0 0
0 IMG_1311.JPG 1434689799 0 0
0 IMG_1312.JPG 1434689800 0 0
0 IMG_1313.JPG 1434689801 0 0
0 IMG_1314.JPG 1434689802 0 0
0 IMG_1315.JPG 1434689810 0 0
0 IMG_1316.JPG 1434689811 0 0
0 IMG_1317.JPG 1434689812 0 0
0 IMG_1318.JPG 1434689813 0 0
0 IMG_1319.JPG 1434689814 0 0
0 IMG_1320.JPG 1434689814 0 0
0 IMG_1321.JPG 1434689815 0 0
0 IMG_1322.JPG 1434689819 0 0
0 IMG_1323.JPG 1434689820 0 0
0 IMG_1324.JPG 1434689821 0 0
0 IMG_1325.JPG 1434689823 0 0
0 IMG_1326.JPG 1434689912 0 0
0 IMG_1327.JPG 1434693880 0 0
0 IMG_1328.JPG 1434693881 0 0
0 IMG_1329.JPG 1434693883 0 0
0 IMG_1330.JPG 1434693893 0 0
0 IMG_1331.JPG 1434693894 0 0
0 IMG_1332.JPG 1434693904 0 0
0 IMG_1333.JPG 1434694077 0 0
0 IMG_1334.JPG 1434694078 0 0
0 IMG_1335.JPG 1434694080 0 0
0 IMG_1336.JPG 1434694081 0 0
1 IMG_1337.JPG 1434819471 0 0
1 IMG_1338.JPG 1434851983 0 0
0 IMG_1339.JPG 1434851992 0 0
0 IMG_1340.JPG 1434851993 0 0
0 IMG_1341.JPG 1434851997 0 0
0 IMG_1342.JPG 1434851998 0 0
0 IMG_1343.JPG 1434854801 0 0
0 IMG_1344.JPG 1434854802 0 0
0 IMG_1345.JPG 1434854804 0 0
0 IMG_1346.JPG 1434857189 0 0
0 IMG_1347.JPG 1434857824 0 0
